2792
240.766, 37, 77, 68, 108
240.657, 33, 41, 288, 104
240.402, 29, 49, 60, 112
237.259, 1, 41, 300, 104
234.905, 1, 49, 300, 176
230.882, 51, 69, 66, 100
230.435, 39, 83, 54, 98
229.868, 49, 65, 64, 128
229.413, 39, 81, 54, 112
228.758, 1, 49, 256, 176
227.39, 237, 33, 252, 48
227.161, 37, 69, 52, 100
226.834, 113, 1, 240, 256
226.059, 1, 1, 256, 256
225.044, 17, 61, 80, 76
224.841, 29, 77, 44, 92
223.695, 55, 63, 70, 78
223.36, 231, 37, 246, 52
223.014, 29, 65, 44, 96
222.116, 1, 17, 32, 32
221.567, 39, 93, 54, 108
221.09, 33, 73, 64, 136
218.01, 49, 1, 176, 400
217.18, 31, 1, 46, 128
217.074, 33, 89, 64, 104
216.841, 27, 53, 42, 84
216.612, 1, 81, 64, 112
216.056, 5, 9, 36, 40
215.288, 31, 65, 46, 80
215.251, 37, 65, 68, 96
215.059, 33, 1, 288, 400
215.033, 43, 71, 58, 86
214.699, 1, 57, 64, 120
214.39, 221, 45, 236, 60
213.785, 1, 33, 300, 288
213.416, 97, 33, 224, 96
212.702, 25, 1, 56, 128
212.604, 153, 1, 216, 256
212.571, 37, 73, 68, 88
212.123, 37, 81, 68, 96
211.45, 1, 89, 64, 152
210.101, 19, 45, 34, 76
209.541, 37, 89, 68, 120
209.537, 13, 33, 44, 160
208.657, 51, 75, 66, 90
208.65, 1, 93, 64, 108
208.409, 3, 19, 18, 34
208.285, 33, 49, 48, 112
208.206, 1, 1, 64, 128
208.082, 33, 85, 48, 100
207.529, 205, 49, 236, 64
206.653, 49, 33, 176, 288
206.507, 49, 65, 64, 80
205.631, 47, 93, 62, 124
205.326, 177, 41, 208, 104
204.649, 191, 41, 206, 104
204.499, 37, 73, 52, 136
203.808, 25, 53, 56, 84
203.616, 41, 63, 72, 78
203.481, 1, 1, 32, 128
203.383, 5, 57, 36, 120
203.161, 37, 95, 68, 110
202.935, 33, 107, 64, 122
202.928, 43, 65, 58, 96
202.371, 41, 77, 56, 92
202.157, 1, 87, 64, 102
201.597, 1, 1, 128, 64
201.462, 25, 69, 56, 100
201.451, 37, 1, 68, 128
200.022, 17, 9, 32, 40
199.454, 23, 61, 38, 76
198.225, 201, 45, 232, 76
198.214, 21, 73, 52, 88
198.214, 129, 1, 192, 256
197.788, 47, 107, 62, 122
196.973, 1, 1, 300, 400
196.894, 153, 1, 216, 400
196.533, 21, 1, 52, 64
195.823, 55, 53, 70, 84
195.664, 97, 33, 224, 160
195.555, 153, 41, 216, 104
195.5, 27, 33, 42, 96
195.427, 225, 39, 240, 54
195.322, 49, 83, 64, 98
194.958, 1, 17, 64, 48
194.398, 9, 81, 72, 96
194.176, 13, 11, 44, 26
193.939, 33, 65, 64, 192
193.765, 57, 1, 120, 400
193.627, 1, 89, 256, 152
193.277, 1, 99, 64, 114
192.837, 201, 55, 232, 70
192.812, 41, 53, 72, 84
192.801, 41, 33, 72, 96
192.364, 25, 1, 40, 128
191.695, 35, 77, 50, 92
191.59, 7, 97, 22, 224
191.15, 149, 1, 180, 256
191.026, 1, 69, 64, 84
190.906, 225, 33, 256, 64
190.898, 17, 61, 48, 76
190.517, 97, 41, 224, 72
190.345, 9, 57, 72, 88
189.018, 193, 41, 256, 56
188.792, 113, 1, 176, 400
188.672, 41, 41, 56, 104
188.349, 213, 45, 228, 76
187.883, 25, 25, 56, 88
187.875, 15, 11, 30, 26
187.236, 231, 49, 246, 64
186.774, 203, 53, 218, 84
186.77, 9, 1, 40, 16
186.635, 29, 1, 44, 32
186.413, 97, 1, 224, 400
185.646, 9, 93, 72, 124
185.642, 13, 45, 44, 76
185.431, 25, 79, 56, 94
185.285, 235, 33, 250, 64
185.052, 13, 33, 44, 96
184.845, 213, 43, 244, 58
184.744, 133, 1, 164, 256
184.518, 13, 89, 44, 152
184.187, 13, 69, 28, 84
184.169, 1, 1, 64, 64
184.078, 5, 49, 20, 112
183.638, 201, 1, 264, 400
183.496, 1, 1, 64, 400
183.183, 17, 57, 144, 120
182.965, 177, 1, 240, 400
182.74, 217, 61, 248, 92
182.518, 1, 65, 64, 320
182.409, 5, 87, 36, 102
182.409, 223, 57, 238, 88
182.3, 203, 67, 218, 82
182.183, 9, 85, 40, 116
182.154, 9, 65, 72, 192
182.143, 25, 81, 56, 112
182.019, 45, 57, 76, 120
181.98, 57, 33, 120, 288
181.921, 17, 33, 32, 160
181.819, 249, 29, 264, 60
181.593, 5, 9, 20, 40
181.59, 1, 81, 300, 144
181.473, 9, 69, 72, 100
181.364, 25, 41, 88, 72
181.179, 49, 33, 176, 160
181.15, 51, 81, 66, 112
181.055, 105, 1, 168, 256
181.037, 217, 33, 248, 96
180.845, 97, 33, 160, 96
180.804, 25, 67, 56, 82
180.706, 19, 1, 34, 16
180.691, 161, 1, 288, 400
180.579, 9, 55, 40, 70
180.481, 43, 65, 58, 80
180.473, 33, 25, 48, 88
180.041, 1, 69, 32, 100
179.939, 161, 33, 224, 160
179.785, 37, 101, 68, 116
179.687, 261, 1, 276, 128
179.684, 203, 75, 218, 90
179.218, 17, 57, 48, 120
178.571, 57, 57, 72, 72
178.443, 9, 1, 40, 256
178.225, 1, 37, 32, 52
178.225, 9, 1, 40, 64
178.029, 173, 1, 204, 256
177.924, 201, 33, 232, 288
177.785, 47, 65, 62, 192
177.698, 65, 49, 128, 112
177.462, 33, 41, 64, 72
177.319, 1, 65, 256, 128
177.112, 177, 41, 300, 104
177.003, 9, 9, 72, 24
176.981, 19, 1, 34, 64
176.977, 225, 37, 240, 68
176.864, 23, 57, 38, 120
176.323, 1, 89, 128, 120
176.21, 1, 1, 300, 64
176.007, 1, 43, 32, 58
175.999, 49, 37, 80, 68
175.988, 25, 49, 40, 176
175.909, 185, 41, 200, 104
175.676, 9, 105, 72, 120
175.65, 177, 41, 240, 104
175.642, 11, 13, 26, 44
175.435, 205, 53, 220, 68
175.315, 201, 57, 232, 88
175.191, 21, 37, 52, 52
175.188, 13, 65, 44, 96
174.981, 237, 43, 252, 58
174.846, 221, 37, 252, 52
174.751, 201, 65, 232, 80
174.737, 33, 53, 48, 84
174.729, 217, 57, 232, 88
174.65, 21, 29, 52, 60
174.533, 17, 33, 80, 96
174.3, 221, 59, 236, 74
174.195, 1, 25, 128, 56
174.06, 55, 69, 70, 84
173.955, 31, 77, 46, 108
173.747, 11, 19, 26, 34
173.661, 137, 145, 168, 272
173.529, 229, 25, 244, 88
173.522, 1, 1, 16, 128
173.424, 215, 47, 230, 62
172.958, 29, 45, 60, 60
172.947, 43, 65, 58, 128
172.74, 37, 93, 52, 124
172.616, 45, 53, 60, 84
172.398, 1, 105, 300, 168
172.315, 57, 33, 88, 288
171.732, 249, 33, 264, 48
171.71, 5, 9, 20, 72
171.703, 31, 73, 46, 136
171.605, 5, 23, 36, 38
171.503, 25, 1, 56, 32
171.255, 31, 3, 46, 18
171.157, 29, 89, 44, 120
171.15, 37, 65, 52, 192
171.037, 1, 21, 32, 52
170.943, 49, 99, 64, 114
170.638, 109, 33, 140, 96
170.627, 165, 41, 196, 104
170.59, 213, 57, 228, 72
170.59, 45, 81, 60, 112
170.484, 201, 61, 264, 76
169.954, 201, 73, 232, 136
169.932, 1, 55, 64, 70
169.932, 223, 33, 238, 96
169.706, 217, 75, 248, 90
169.597, 21, 81, 52, 208
169.255, 17, 73, 144, 104
169.161, 113, 81, 240, 144
169.142, 1, 17, 64, 32
169.063, 89, 1, 152, 400
169.018, 1, 97, 300, 224
168.48, 39, 45, 54, 76
168.477, 1, 1, 128, 400
168.469, 25, 11, 40, 26
168.469, 21, 21, 36, 52
168.357, 201, 57, 264, 88
168.124, 49, 53, 80, 68
168.04, 227, 55, 242, 70
168.026, 7, 1, 22, 128
168.018, 25, 5, 56, 20
167.909, 243, 27, 258, 42
167.891, 47, 17, 62, 144
167.8, 35, 55, 50, 70
167.8, 161, 1, 192, 256
167.68, 13, 37, 28, 68
167.676, 7, 59, 22, 74
167.673, 25, 9, 40, 72
167.451, 37, 71, 52, 86
167.379, 121, 33, 184, 96
167.342, 1, 33, 128, 160
167.334, 33, 101, 64, 132
167.334, 201, 33, 232, 96
167.105, 9, 75, 72, 90
167.044, 179, 41, 194, 104
166.92, 49, 145, 176, 272
166.905, 1, 33, 32, 64
166.811, 13, 97, 44, 112
166.545, 1, 49, 32, 176
166.251, 173, 41, 188, 104
166.127, 7, 29, 22, 60
165.887, 221, 49, 252, 80
165.879, 275, 1, 290, 16
165.763, 23, 1, 38, 32
165.752, 47, 41, 62, 104
165.646, 49, 33, 80, 160
165.352, 181, 33, 212, 160
165.315, 1, 5, 64, 36
165.251, 121, 33, 152, 96
165.116, 1, 97, 256, 224
165.018, 57, 49, 120, 176
164.966, 27, 41, 42, 72
164.883, 1, 37, 128, 68
164.755, 201, 47, 264, 62
164.304, 177, 1, 300, 256
164.217, 1, 109, 64, 140
164.195, 25, 45, 40, 60
164.086, 27, 29, 42, 60
163.999, 167, 41, 182, 104
163.962, 11, 9, 26, 72
163.962, 41, 1, 56, 128
163.868, 9, 69, 40, 84
163.781, 97, 85, 224, 116
163.766, 113, 1, 144, 256
163.744, 243, 33, 258, 64
163.62, 11, 5, 26, 20
163.522, 39, 99, 54, 114
163.417, 217, 25, 280, 88
163.304, 177, 65, 300, 128
163.297, 203, 65, 218, 96
163.086, 49, 89, 64, 104
163.075, 219, 37, 234, 68
163.064, 53, 41, 68, 104
162.977, 225, 37, 288, 68
162.977, 203, 33, 218, 96
162.853, 261, 23, 276, 38
162.777, 113, 33, 128, 96
162.747, 233, 1, 296, 400
162.649, 17, 49, 32, 64
162.518, 1, 113, 64, 240
162.206, 235, 45, 250, 76
162.187, 1, 81, 16, 208
162.056, 141, 97, 172, 352
161.943, 129, 145, 256, 272
161.86, 271, 15, 286, 30
161.845, 1, 27, 16, 42
161.733, 13, 45, 44, 60
161.714, 145, 97, 272, 352
161.198, 149, 33, 164, 96
161.183, 217, 61, 248, 76
161.18, 55, 51, 70, 66
161.18, 223, 33, 238, 160
161.169, 201, 55, 264, 70
161.089, 139, 161, 154, 288
161.045, 209, 65, 224, 80
160.849, 49, 37, 112, 52
160.841, 241, 35, 272, 50
160.834, 253, 17, 284, 144
160.83, 23, 73, 38, 104
160.714, 129, 201, 256, 264
160.616, 21, 29, 36, 44
160.496, 237, 33, 268, 64
160.35, 25, 57, 88, 120
160.274, 1, 23, 64, 38
160.267, 15, 55, 30, 70
160.132, 25, 69, 88, 84
160.078, 191, 45, 206, 76
160.03, 19, 57, 34, 88
159.939, 259, 21, 274, 52
159.845, 153, 41, 184, 104
159.834, 13, 79, 44, 94
159.827, 189, 41, 220, 104
159.717, 1, 137, 256, 200
159.699, 19, 33, 34, 64
159.597, 9, 113, 72, 176
158.969, 129, 33, 144, 96
158.819, 239, 33, 254, 96
158.804, 229, 33, 260, 96
158.725, 191, 33, 206, 160
158.608, 129, 193, 192, 256
158.586, 15, 39, 30, 54
158.568, 45, 59, 60, 74
158.161, 153, 45, 216, 60
158.059, 201, 41, 216, 56
158.022, 283, 5, 298, 20
158.022, 21, 85, 52, 100
157.928, 225, 17, 256, 144
157.913, 201, 43, 232, 58
157.898, 33, 177, 288, 304
157.8, 1, 113, 256, 176
157.578, 129, 129, 192, 384
157.492, 97, 81, 224, 208
157.477, 5, 73, 20, 104
157.466, 33, 1, 96, 400
157.455, 33, 97, 64, 160
157.222, 1, 153, 300, 216
157.007, 53, 1, 68, 128
156.95, 135, 33, 150, 96
156.942, 121, 33, 136, 96
156.924, 1, 25, 16, 56
156.811, 49, 193, 176, 320
156.796, 209, 17, 272, 144
156.691, 275, 1, 290, 64
156.658, 21, 33, 36, 96
156.586, 157, 41, 172, 104
156.443, 1, 31, 64, 46
156.349, 1, 81, 32, 96
156.334, 11, 49, 26, 176
156.233, 1, 33, 128, 288
156.153, 177, 45, 208, 76
156.153, 141, 33, 172, 96
156.135, 59, 17, 74, 80
156.116, 1, 31, 32, 46
155.913, 97, 43, 160, 58
155.887, 201, 1, 264, 256
155.793, 241, 1, 300, 256
155.781, 243, 33, 258, 160
155.778, 13, 29, 44, 44
155.665, 193, 33, 256, 64
155.567, 1, 45, 32, 76
155.443, 129, 213, 256, 244
155.439, 201, 45, 264, 76
155.432, 3, 9, 18, 24
155.353, 29, 59, 60, 74
155.341, 1, 41, 64, 72
155.214, 177, 57, 300, 88
155.101, 225, 49, 256, 64
154.887, 233, 59, 296, 74
154.887, 33, 1, 48, 64
154.796, 161, 145, 176, 272
154.421, 25, 5, 40, 20
154.315, 129, 189, 256, 220
154.301, 1, 145, 300, 272
154.217, 27, 55, 42, 70
154.108, 37, 109, 52, 140
154.094, 33, 201, 288, 264
153.792, 97, 41, 128, 104
153.789, 149, 145, 180, 272
153.774, 17, 61, 32, 76
153.646, 13, 113, 44, 176
153.556, 31, 35, 46, 50
153.293, 1, 25, 32, 88
153.075, 27, 83, 42, 98
152.977, 1, 59, 16, 74
152.879, 33, 47, 96, 62
152.842, 1, 1, 256, 128
152.522, 25, 55, 88, 70
152.522, 197, 33, 228, 160
152.504, 201, 69, 264, 84
152.432, 203, 61, 218, 76
152.33, 153, 41, 216, 72
152.315, 253, 27, 284, 42
152.09, 241, 35, 300, 50
151.951, 57, 75, 72, 90
151.857, 21, 73, 36, 88
151.857, 267, 13, 282, 44
151.846, 53, 49, 68, 176
151.838, 1, 97, 256, 352
151.755, 213, 69, 244, 84
151.751, 261, 9, 292, 72
151.638, 253, 21, 284, 52
151.406, 25, 67, 40, 82
151.3, 25, 89, 40, 152
151.296, 285, 1, 300, 32
151.285, 215, 63, 230, 78
151.267, 1, 61, 32, 76
151.187, 13, 97, 44, 128
151.165, 15, 33, 30, 96
151.086, 49, 129, 176, 384
151.082, 81, 249, 208, 312
150.995, 141, 33, 156, 96
150.758, 49, 33, 176, 96
150.744, 197, 33, 212, 160
150.729, 23, 35, 38, 50
150.616, 229, 1, 260, 256
150.612, 129, 177, 256, 240
150.533, 113, 33, 176, 160
150.413, 279, 5, 294, 36
150.296, 243, 39, 258, 54
150.172, 47, 41, 62, 72
150.161, 241, 29, 300, 44
150.074, 53, 49, 84, 80
149.969, 193, 37, 224, 52
149.962, 63, 37, 78, 68
149.732, 177, 29, 300, 60
149.714, 185, 65, 248, 128
149.514, 63, 53, 78, 68
149.507, 261, 95, 276, 110
149.368, 9, 13, 24, 28
149.176, 229, 49, 244, 80
149.048, 33, 1, 288, 64
149.026, 225, 43, 256, 58
148.958, 211, 49, 226, 176
148.947, 33, 53, 64, 68
148.928, 129, 225, 256, 256
148.852, 137, 33, 200, 160
148.801, 37, 65, 52, 80
148.736, 57, 41, 72, 72
148.695, 269, 11, 300, 26
148.695, 213, 37, 244, 68
148.608, 57, 25, 120, 56
148.601, 217, 75, 232, 90
148.496, 81, 1, 144, 256
148.481, 225, 31, 256, 46
148.462, 27, 89, 42, 104
148.394, 97, 41, 160, 72
148.187, 97, 61, 224, 92
148.045, 249, 95, 280, 110
148.045, 1, 61, 128, 92
147.793, 269, 1, 300, 128
147.612, 49, 161, 176, 224
147.593, 177, 33, 240, 288
147.59, 177, 69, 300, 100
147.492, 37, 65, 68, 320
147.372, 225, 51, 288, 66
147.237, 43, 17, 58, 80
147.237, 31, 49, 46, 176
147.165, 43, 53, 58, 68
147.131, 9, 97, 40, 224
146.996, 11, 1, 26, 32
146.939, 153, 33, 168, 160
146.924, 1, 159, 64, 174
146.706, 49, 193, 176, 256
146.658, 1, 11, 32, 26
146.59, 17, 57, 32, 120
146.259, 173, 45, 204, 60
146.233, 153, 97, 216, 352
146.037, 265, 17, 296, 32
146.022, 121, 145, 184, 272
145.804, 37, 105, 52, 120
145.706, 33, 113, 64, 240
145.65, 49, 65, 80, 96
145.473, 37, 1, 52, 16
145.36, 33, 97, 160, 160
145.342, 25, 1, 88, 128
145.229, 31, 71, 46, 86
145.12, 113, 225, 240, 352
145.109, 1, 129, 300, 192
145.033, 137, 33, 168, 160
144.981, 19, 67, 34, 82
144.883, 251, 99, 266, 114
144.807, 161, 33, 176, 160
144.804, 21, 143, 36, 158
144.778, 9, 129, 24, 192
144.691, 145, 33, 160, 48
144.549, 209, 75, 224, 90
144.534, 1, 193, 300, 320
144.469, 145, 161, 160, 288
144.131, 49, 97, 176, 224
144.112, 273, 9, 288, 40
144.011, 7, 31, 22, 46
144.011, 11, 65, 26, 128
143.992, 21, 103, 52, 118
143.913, 121, 33, 152, 160
143.898, 17, 69, 32, 100
143.898, 201, 77, 232, 108
143.898, 1, 9, 128, 40
143.872, 17, 13, 48, 44
143.763, 21, 33, 52, 288
143.661, 185, 73, 248, 104
143.658, 197, 73, 228, 88
143.639, 49, 75, 80, 90
143.552, 1, 49, 32, 64
143.545, 9, 89, 24, 152
143.519, 61, 63, 76, 78
143.458, 5, 87, 20, 102
143.443, 41, 31, 56, 46
143.443, 37, 97, 52, 160
143.439, 73, 29, 88, 60
143.428, 129, 153, 256, 216
143.225, 241, 17, 300, 80
143.221, 177, 17, 300, 144
143.119, 17, 151, 80, 166
143.101, 33, 33, 48, 64
143.086, 209, 77, 272, 92
142.883, 5, 97, 36, 352
142.777, 231, 17, 246, 144
142.654, 177, 45, 240, 76
142.646, 1, 177, 256, 240
142.643, 277, 9, 292, 24
142.548, 57, 1, 120, 64
142.533, 1, 101, 128, 132
142.53, 113, 201, 240, 232
142.522, 13, 53, 28, 84
142.424, 197, 79, 228, 94
142.413, 217, 39, 280, 54
142.413, 185, 77, 248, 92
142.326, 9, 41, 72, 56
142.326, 177, 81, 300, 112
142.217, 241, 41, 272, 104
142.119, 157, 33, 188, 160
142.116, 255, 29, 270, 44
142.086, 5, 159, 36, 174
141.879, 189, 45, 204, 60
141.774, 193, 35, 256, 50
141.432, 49, 105, 64, 168
141.417, 5, 45, 20, 76
141.409, 209, 77, 272, 108
141.286, 1, 57, 32, 88
141.213, 177, 89, 208, 152
141.173, 209, 57, 224, 88
141.06, 217, 25, 232, 88
140.962, 225, 53, 288, 84
140.89, 137, 241, 168, 256
140.762, 9, 47, 72, 62
140.74, 1, 51, 16, 66
140.507, 197, 41, 212, 104
140.417, 233, 45, 296, 60
140.398, 279, 1, 294, 128
140.376, 57, 65, 72, 96
140.3, 155, 161, 170, 288
140.038, 221, 53, 236, 68
139.958, 13, 17, 44, 32
139.958, 33, 113, 64, 144
139.94, 1, 25, 128, 88
139.86, 161, 75, 224, 90
139.849, 31, 45, 46, 60
139.849, 189, 61, 220, 92
139.627, 157, 225, 172, 352
139.402, 71, 47, 86, 62
139.368, 31, 95, 46, 110
139.304, 49, 181, 176, 212
139.289, 257, 15, 272, 30
139.289, 1, 111, 64, 126
139.206, 169, 33, 200, 160
139.198, 89, 1, 120, 256
139.184, 1, 79, 16, 94
139.082, 9, 43, 24, 58
139.067, 19, 81, 34, 208
139.063, 33, 9, 96, 72
139.045, 233, 25, 264, 40
138.94, 57, 49, 88, 112
138.849, 25, 153, 40, 168
138.794, 231, 31, 246, 46
138.634, 153, 143, 216, 158
138.627, 45, 41, 76, 56
138.627, 49, 229, 176, 260
138.605, 177, 49, 240, 64
138.579, 231, 43, 246, 58
138.252, 1, 177, 300, 240
138.18, 49, 193, 176, 224
138.06, 161, 61, 224, 92
138.037, 1, 97, 16, 160
137.954, 49, 205, 176, 236
137.95, 53, 9, 84, 72
137.925, 221, 57, 236, 120
137.74, 129, 33, 144, 160
137.699, 219, 69, 234, 100
137.597, 221, 55, 252, 70
137.597, 253, 81, 268, 112
137.507, 269, 9, 300, 40
137.488, 225, 57, 288, 120
137.278, 97, 129, 224, 192
137.274, 129, 241, 192, 368
137.255, 195, 77, 210, 92
137.154, 153, 129, 184, 384
137.026, 217, 1, 248, 256
136.954, 141, 33, 156, 160
136.95, 49, 217, 176, 248
136.725, 225, 73, 256, 136
136.714, 11, 149, 26, 180
136.684, 215, 57, 230, 120
136.582, 129, 177, 256, 208
136.477, 225, 65, 288, 96
136.39, 37, 1, 68, 16
136.379, 35, 1, 50, 32
136.353, 25, 97, 56, 112
136.281, 263, 9, 278, 24
136.24, 1, 233, 300, 296
136.237, 27, 13, 42, 44
136.233, 177, 45, 300, 76
136.157, 29, 101, 44, 116
136.139, 145, 237, 272, 268
136.139, 285, 1, 300, 128
136.052, 129, 217, 192, 248
136.033, 15, 27, 30, 42
135.932, 49, 21, 176, 52
135.924, 249, 33, 280, 64
135.917, 49, 81, 80, 112
135.706, 105, 41, 136, 56
135.691, 241, 17, 272, 144
135.688, 269, 5, 284, 20
135.673, 49, 45, 112, 76
135.466, 129, 129, 160, 384
135.27, 13, 159, 28, 174
135.237, 241, 1, 300, 128
135.229, 129, 239, 192, 254
135.127, 13, 129, 44, 160
135.113, 97, 129, 224, 384
135.022, 37, 111, 52, 126
135.004, 217, 33, 232, 160
134.989, 1, 81, 32, 144
134.876, 25, 89, 88, 152
134.815, 119, 33, 134, 160
134.713, 107, 33, 122, 96
134.669, 7, 51, 22, 66
134.571, 1, 103, 32, 118
134.56, 145, 97, 272, 224
134.473, 129, 231, 192, 246
134.462, 25, 31, 56, 46
134.432, 51, 57, 66, 72
134.338, 113, 57, 240, 120
134.255, 97, 105, 224, 168
134.127, 225, 67, 288, 82
134.127, 33, 29, 96, 60
134.116, 53, 63, 84, 78
134.101, 61, 53, 76, 84
134.026, 255, 33, 270, 160
133.913, 49, 217, 176, 280
133.891, 49, 53, 112, 68
133.891, 33, 77, 96, 108
133.883, 201, 33, 232, 64
133.872, 199, 53, 214, 68
133.807, 135, 33, 150, 160
133.789, 201, 97, 264, 352
133.771, 215, 69, 230, 84
133.669, 261, 1, 292, 256
133.582, 85, 35, 116, 50
133.575, 81, 25, 112, 56
133.575, 13, 113, 44, 144
133.575, 9, 137, 72, 168
133.571, 129, 169, 192, 232
133.552, 209, 33, 240, 160
133.545, 193, 17, 256, 80
133.484, 173, 33, 188, 160
133.465, 49, 169, 176, 200
133.462, 253, 41, 284, 104
133.432, 59, 33, 74, 160
133.334, 253, 25, 268, 88
133.258, 181, 33, 196, 160
133.134, 147, 33, 162, 160
132.996, 265, 1, 296, 16
132.988, 185, 1, 216, 256
132.887, 245, 33, 260, 96
132.887, 33, 1, 64, 64
132.676, 203, 65, 218, 192
132.665, 77, 41, 108, 56
132.658, 241, 87, 272, 102
132.552, 31, 23, 46, 38
132.545, 33, 29, 64, 60
132.537, 21, 91, 52, 106
132.338, 19, 105, 34, 168
132.33, 241, 25, 300, 56
132.319, 33, 113, 64, 128
132.218, 237, 45, 268, 60
132.21, 1, 39, 16, 54
132.105, 201, 65, 264, 192
132.083, 45, 81, 76, 144
132.018, 167, 33, 182, 160
131.999, 101, 1, 132, 256
131.992, 249, 1, 280, 256
131.988, 241, 17, 256, 48
131.876, 33, 91, 96, 106
131.8, 97, 145, 224, 176
131.778, 15, 151, 30, 166
131.755, 97, 97, 160, 352
131.443, 23, 85, 38, 116
131.443, 153, 129, 216, 192
131.424, 195, 83, 210, 98
131.341, 153, 241, 216, 304
131.173, 25, 1, 88, 256
131.112, 237, 49, 252, 64
131.112, 153, 141, 216, 172
131.082, 15, 33, 30, 48
130.988, 81, 1, 112, 64
130.962, 195, 69, 210, 100
130.962, 1, 85, 16, 116
130.894, 21, 129, 36, 160
130.883, 1, 177, 64, 304
130.872, 225, 93, 288, 124
130.77, 205, 85, 236, 100
130.766, 5, 3, 20, 18
130.635, 17, 3, 80, 18
130.628, 1, 49, 128, 80
130.552, 153, 97, 216, 160
130.41, 193, 83, 256, 98
130.202, 21, 55, 36, 70
130.199, 233, 77, 264, 108
130.191, 267, 1, 282, 128
130.119, 137, 201, 168, 264
130.068, 47, 105, 62, 136
129.973, 265, 9, 280, 72
129.868, 161, 193, 224, 320
129.857, 1, 105, 32, 136
129.801, 1, 1, 300, 128
129.751, 161, 239, 224, 254
129.631, 145, 233, 272, 296
129.533, 33, 141, 64, 172
129.522, 229, 61, 244, 92
129.417, 41, 117, 56, 132
129.398, 211, 25, 226, 88
129.387, 213, 69, 228, 100
129.311, 69, 25, 100, 56
129.293, 113, 73, 240, 104
129.263, 243, 33, 258, 48
129.195, 73, 1, 88, 64
129.191, 17, 81, 32, 96
129.187, 153, 81, 216, 208
129.169, 249, 17, 280, 80
128.966, 149, 241, 180, 368
128.845, 45, 107, 76, 122
128.834, 237, 45, 268, 76
128.747, 89, 33, 152, 160
128.688, 49, 69, 80, 84
128.5, 1, 81, 128, 208
128.405, 49, 45, 176, 76
128.372, 201, 47, 216, 62
128.289, 33, 249, 288, 312
128.252, 41, 33, 104, 96
128.191, 101, 41, 132, 72
128.191, 129, 189, 192, 220
127.969, 173, 97, 204, 352
127.962, 93, 25, 108, 56
127.951, 1, 95, 16, 110
127.943, 31, 9, 46, 24
127.943, 33, 89, 96, 120
127.747, 61, 49, 92, 176
127.736, 243, 99, 258, 114
127.729, 193, 81, 208, 112
127.721, 113, 17, 128, 144
127.627, 1, 61, 16, 92
127.492, 21, 109, 52, 124
127.492, 13, 151, 44, 166
127.413, 73, 49, 136, 80
127.383, 25, 17, 40, 32
127.376, 209, 47, 224, 62
127.361, 1, 73, 16, 136
127.183, 113, 85, 176, 116
127.161, 225, 95, 288, 110
127.067, 193, 51, 208, 66
127.045, 53, 47, 84, 62
126.965, 49, 137, 176, 200
126.939, 169, 69, 232, 84
126.718, 1, 289, 128, 320
126.714, 45, 43, 60, 58
126.703, 213, 73, 244, 104
126.688, 185, 17, 248, 144
126.677, 237, 27, 252, 42
126.616, 193, 81, 208, 144
126.59, 213, 65, 244, 128
126.488, 109, 17, 140, 144
126.387, 33, 119, 64, 134
126.379, 255, 93, 270, 108
126.376, 1, 125, 64, 140
126.339, 59, 49, 74, 112
126.18, 267, 21, 282, 36
126.157, 9, 125, 72, 156
126.154, 197, 9, 228, 72
126.139, 229, 25, 244, 56
126.022, 161, 239, 176, 254
126.008, 7, 65, 22, 80
125.924, 231, 61, 246, 76
125.841, 177, 61, 208, 92
125.826, 1, 273, 128, 400
125.819, 285, 1, 300, 64
125.725, 49, 117, 64, 148
125.706, 221, 65, 236, 80
125.616, 49, 61, 176, 92
125.601, 239, 67, 254, 82
125.586, 49, 97, 80, 112
125.488, 201, 89, 264, 120
125.477, 257, 77, 288, 108
125.459, 57, 47, 120, 62
125.379, 161, 145, 224, 272
125.35, 1, 121, 32, 184
125.274, 89, 193, 152, 320
125.263, 57, 273, 88, 400
125.255, 1, 103, 16, 118
125.255, 133, 241, 164, 368
125.157, 225, 89, 256, 120
125.154, 69, 1, 100, 64
125.146, 181, 75, 212, 90
125.12, 55, 73, 70, 136
125.033, 1, 129, 128, 384
124.954, 137, 225, 168, 256
124.943, 97, 33, 128, 160
124.808, 1, 361, 128, 392
124.597, 113, 81, 176, 144
124.455, 7, 25, 22, 40
124.447, 1, 129, 300, 384
124.39, 105, 17, 168, 48
124.349, 7, 105, 22, 136
124.255, 267, 41, 282, 104
124.251, 249, 39, 264, 54
124.033, 263, 89, 278, 120
124.022, 185, 47, 216, 62
124.011, 245, 77, 276, 108
123.928, 201, 113, 264, 240
123.917, 41, 47, 72, 62
123.902, 29, 29, 44, 44
123.902, 13, 97, 28, 224
123.898, 189, 49, 220, 80
123.811, 249, 21, 264, 36
123.786, 9, 149, 72, 180
123.771, 33, 61, 96, 92
123.688, 177, 89, 240, 152
123.658, 203, 81, 218, 96
123.567, 25, 35, 88, 50
123.564, 47, 113, 62, 128
123.466, 49, 83, 80, 98
123.458, 261, 95, 292, 110
123.368, 129, 21, 256, 52
123.349, 241, 1, 256, 64
123.138, 129, 203, 192, 218
123.131, 25, 273, 88, 400
122.992, 97, 237, 224, 268
122.985, 45, 89, 76, 104
122.913, 161, 153, 224, 216
122.909, 169, 35, 232, 50
122.898, 129, 37, 192, 68
122.68, 207, 77, 222, 108
122.643, 13, 25, 28, 56
122.473, 133, 31, 164, 46
122.451, 281, 61, 296, 76
122.316, 51, 17, 66, 80
122.135, 153, 153, 216, 184
122.127, 251, 49, 266, 112
122.12, 43, 1, 58, 16
122.007, 113, 81, 144, 144
122, 9, 161, 72, 192
121.996, 229, 49, 244, 112
121.913, 49, 153, 176, 184
121.909, 81, 273, 208, 304
121.879, 241, 45, 256, 76
121.77, 257, 101, 272, 116
121.759, 177, 57, 240, 72
121.68, 49, 273, 112, 400
121.669, 61, 273, 76, 400
121.65, 69, 45, 84, 76
121.563, 283, 61, 298, 92
121.56, 25, 95, 40, 110
121.428, 33, 49, 96, 176
121.417, 61, 69, 76, 84
121.353, 177, 21, 240, 52
121.341, 1, 333, 128, 364
121.338, 269, 61, 284, 76
121.312, 161, 1, 288, 64
121.116, 129, 205, 192, 236
121.112, 9, 37, 24, 52
121.112, 1, 281, 128, 344
120.992, 249, 13, 280, 28
120.992, 225, 65, 256, 192
120.977, 129, 165, 256, 196
120.879, 33, 25, 64, 40
120.879, 151, 37, 166, 68
120.785, 117, 85, 148, 116
120.778, 65, 9, 80, 72
120.665, 49, 85, 176, 116
120.548, 1, 349, 32, 380
120.545, 149, 241, 164, 368
120.454, 185, 41, 200, 72
120.439, 47, 35, 62, 50
120.334, 59, 41, 74, 56
120.229, 107, 33, 122, 160
120.206, 29, 17, 60, 48
120.203, 257, 89, 288, 104
120.116, 227, 75, 242, 90
120.105, 93, 21, 124, 52
120.105, 49, 241, 176, 272
120.09, 189, 61, 220, 76
120.007, 49, 97, 176, 128
119.999, 105, 143, 168, 158
119.996, 235, 65, 250, 128
119.977, 25, 155, 56, 170
119.846, 241, 13, 300, 44
119.763, 129, 173, 192, 204
119.755, 13, 137, 44, 152
119.744, 177, 93, 300, 124
119.519, 9, 165, 72, 180
119.443, 49, 81, 112, 144
119.424, 177, 113, 300, 176
119.406, 31, 97, 46, 160
119.315, 161, 201, 224, 264
119.308, 57, 379, 72, 394
119.304, 65, 45, 96, 60
119.214, 253, 7, 284, 22
119.191, 225, 85, 288, 100
119.191, 1, 129, 16, 256
119.097, 129, 241, 192, 304
118.981, 1, 75, 32, 90
118.973, 49, 35, 80, 50
118.962, 235, 61, 250, 92
118.958, 275, 59, 290, 74
118.864, 153, 237, 216, 268
118.864, 1, 337, 32, 400
118.849, 73, 41, 88, 56
118.846, 61, 53, 92, 68
118.759, 149, 81, 164, 144
118.751, 37, 43, 52, 58
118.744, 1, 101, 16, 132
118.657, 201, 161, 264, 288
118.653, 129, 187, 192, 202
118.642, 201, 29, 216, 60
118.642, 129, 21, 160, 52
118.62, 37, 33, 68, 48
118.515, 141, 37, 172, 68
118.511, 209, 81, 272, 144
118.507, 9, 29, 72, 60
118.493, 25, 97, 88, 112
118.435, 57, 69, 120, 84
118.424, 139, 21, 154, 52
118.413, 153, 89, 184, 152
118.409, 269, 73, 300, 104
118.409, 217, 97, 248, 352
118.402, 161, 193, 288, 320
118.319, 33, 121, 64, 184
118.256, 43, 89, 58, 152
118.202, 69, 53, 100, 84
118.191, 201, 89, 264, 104
118.169, 225, 21, 256, 52
118.067, 49, 93, 80, 124
117.955, 15, 145, 30, 160
117.871, 261, 33, 276, 96
117.868, 153, 241, 184, 304
117.857, 7, 57, 22, 88
117.849, 25, 1, 88, 32
117.522, 201, 81, 232, 208
117.504, 31, 97, 46, 224
117.492, 1, 201, 300, 264
117.406, 153, 137, 216, 152
117.402, 1, 145, 32, 176
117.398, 177, 217, 300, 248
117.304, 99, 21, 114, 52
117.3, 79, 25, 94, 56
117.191, 129, 193, 192, 208
117.184, 9, 145, 72, 160
117.18, 249, 89, 264, 104
117.176, 45, 25, 76, 56
117.158, 45, 81, 76, 208
117.071, 37, 1, 68, 32
117.064, 113, 249, 240, 280
117.064, 9, 137, 72, 200
117.06, 113, 273, 240, 400
117.049, 33, 225, 288, 288
116.965, 129, 223, 192, 238
116.958, 153, 129, 216, 160
116.853, 129, 211, 192, 226
116.831, 177, 77, 208, 108
116.74, 241, 1, 300, 16
116.725, 229, 79, 260, 94
116.696, 241, 19, 300, 34
116.616, 1, 129, 16, 192
116.616, 135, 241, 150, 368
116.514, 97, 133, 224, 164
116.496, 229, 91, 260, 106
116.481, 181, 65, 212, 128
116.413, 77, 33, 108, 288
116.402, 117, 81, 132, 144
116.387, 257, 81, 272, 144
116.376, 261, 89, 292, 120
116.285, 93, 1, 108, 64
116.274, 177, 201, 300, 264
116.267, 41, 129, 104, 384
116.263, 233, 49, 296, 176
116.18, 113, 101, 240, 132
116.176, 129, 43, 192, 58
116.158, 209, 49, 224, 112
115.83, 17, 17, 32, 32
115.83, 1, 119, 64, 134
115.732, 149, 201, 180, 264
115.725, 9, 85, 24, 116
115.695, 177, 89, 300, 152
115.681, 235, 21, 250, 52
115.62, 129, 217, 192, 232
115.62, 153, 249, 216, 264
115.488, 47, 29, 62, 60
115.39, 33, 285, 96, 316
115.368, 189, 73, 220, 104
115.357, 217, 33, 280, 48
115.281, 111, 41, 126, 56
115.278, 175, 81, 190, 144
115.154, 1, 273, 256, 400
115.143, 203, 65, 218, 128
115.052, 33, 21, 48, 52
115.041, 49, 113, 64, 240
115.037, 113, 1, 240, 64
114.939, 65, 41, 80, 56
114.823, 241, 59, 256, 74
114.812, 69, 53, 84, 68
114.812, 151, 129, 166, 192
114.808, 39, 33, 54, 64
114.782, 237, 21, 268, 52
114.736, 9, 161, 72, 224
114.725, 145, 85, 208, 116
114.717, 65, 65, 80, 96
114.706, 73, 35, 136, 50
114.703, 237, 65, 268, 192
114.695, 13, 145, 44, 176
114.688, 209, 39, 224, 54
114.612, 177, 133, 300, 164
114.605, 241, 9, 272, 40
114.594, 97, 289, 224, 352
114.503, 57, 61, 120, 92
114.47, 213, 25, 244, 56
114.375, 177, 277, 300, 308
114.361, 5, 145, 36, 272
114.277, 65, 49, 80, 176
114.263, 51, 119, 66, 134
114.255, 255, 5, 270, 36
114.255, 217, 81, 232, 144
114.154, 285, 53, 300, 68
114.045, 7, 73, 22, 88
114.019, 1, 257, 300, 320
113.924, 17, 145, 48, 272
113.819, 119, 85, 134, 116
113.819, 19, 145, 34, 272
113.815, 243, 97, 258, 128
113.804, 105, 43, 120, 58
113.691, 233, 57, 264, 88
113.604, 177, 143, 208, 158
113.473, 9, 143, 40, 158
113.379, 201, 121, 264, 184
113.36, 67, 25, 82, 56
113.357, 237, 99, 268, 114
113.251, 155, 81, 170, 144
113.244, 253, 45, 284, 76
113.24, 265, 21, 296, 52
113.229, 65, 1, 128, 128
113.135, 9, 161, 24, 192
113.135, 5, 337, 20, 400
113.011, 147, 21, 162, 52
112.913, 227, 73, 242, 136
112.808, 247, 53, 262, 84
112.808, 33, 113, 160, 144
112.804, 161, 201, 288, 232
112.793, 23, 159, 38, 174
112.597, 179, 41, 194, 72
112.488, 65, 73, 128, 104
112.466, 27, 145, 42, 176
112.451, 49, 51, 64, 66
112.346, 257, 55, 288, 70
112.342, 1, 273, 300, 400
112.259, 139, 31, 154, 46
112.255, 41, 1, 56, 32
112.255, 97, 121, 224, 152
112.124, 97, 353, 224, 384
112.011, 113, 97, 144, 352
112.004, 177, 145, 300, 272
111.909, 41, 13, 56, 44
111.898, 1, 153, 32, 168
111.796, 17, 129, 48, 384
111.793, 1, 257, 64, 288
111.789, 225, 101, 288, 116
111.785, 153, 41, 168, 56
111.785, 141, 241, 156, 368
111.782, 199, 81, 214, 112
111.763, 65, 47, 80, 62
111.752, 217, 25, 280, 56
111.68, 163, 241, 178, 368
111.676, 145, 289, 208, 304
111.676, 113, 37, 144, 68
111.589, 101, 41, 116, 104
111.575, 137, 81, 168, 144
111.567, 241, 73, 300, 88
111.466, 61, 73, 76, 136
111.451, 273, 53, 288, 84
111.371, 101, 33, 116, 160
111.345, 161, 221, 224, 252
111.312, 263, 87, 278, 102
111.21, 249, 93, 280, 124
111.146, 137, 201, 152, 264
111.112, 129, 297, 192, 312
111.026, 153, 149, 216, 164
111.022, 67, 65, 82, 80
111, 159, 241, 174, 272
110.92, 113, 87, 176, 102
110.909, 57, 73, 88, 136
110.898, 9, 133, 72, 148
110.891, 25, 11, 56, 26
110.778, 3, 193, 18, 320
110.669, 209, 25, 272, 40
110.628, 195, 45, 210, 60
110.552, 151, 141, 166, 172
110.538, 223, 25, 238, 56
110.458, 191, 57, 206, 88
110.425, 3, 169, 18, 232
110.338, 125, 81, 156, 144
110.112, 135, 81, 150, 144
110.101, 65, 241, 192, 368
110.09, 277, 51, 292, 66
109.992, 243, 45, 258, 60
109.981, 129, 241, 192, 272
109.89, 167, 81, 182, 144
109.883, 209, 81, 224, 96
109.868, 201, 41, 216, 72
109.854, 253, 93, 268, 124
109.774, 61, 285, 92, 316
109.77, 37, 129, 68, 144
109.755, 33, 17, 64, 32
109.683, 57, 85, 120, 116
109.665, 129, 181, 192, 196
109.665, 105, 129, 168, 192
109.646, 225, 31, 240, 46
109.643, 17, 145, 32, 176
109.571, 137, 41, 152, 72
109.552, 37, 21, 52, 36
109.552, 223, 87, 238, 102
109.552, 49, 97, 112, 112
109.545, 151, 145, 166, 160
109.53, 1, 197, 16, 228
109.432, 255, 33, 270, 64
109.432, 161, 241, 192, 368
109.425, 81, 273, 144, 400
109.421, 153, 37, 184, 68
109.327, 85, 273, 116, 400
109.319, 3, 349, 18, 380
109.315, 133, 121, 164, 184
109.206, 237, 97, 268, 128
109.105, 149, 43, 180, 58
109.101, 217, 19, 280, 34
108.985, 285, 41, 300, 72
108.985, 177, 85, 240, 116
108.977, 25, 377, 88, 392
108.894, 69, 49, 100, 112
108.785, 125, 41, 156, 72
108.77, 57, 59, 120, 74
108.766, 9, 131, 40, 146
108.763, 149, 21, 180, 52
108.759, 265, 23, 296, 38
108.759, 57, 377, 88, 392
108.755, 177, 177, 300, 240
108.676, 209, 73, 224, 136
108.559, 57, 89, 120, 104
108.545, 69, 49, 84, 112
108.541, 189, 67, 220, 82
108.537, 97, 297, 224, 328
108.432, 257, 61, 288, 76
108.428, 9, 157, 40, 188
108.424, 9, 161, 40, 224
108.417, 105, 33, 168, 48
108.319, 245, 81, 276, 96
108.319, 225, 97, 256, 112
108.315, 269, 87, 300, 102
108.308, 253, 33, 284, 48
108.21, 33, 129, 64, 160
108.21, 187, 81, 202, 144
108.21, 181, 89, 196, 152
108.203, 31, 151, 46, 166
108.203, 53, 25, 68, 56
108.177, 113, 193, 176, 320
108.097, 201, 217, 264, 280
108.09, 137, 249, 168, 312
108.082, 233, 55, 248, 70
108.082, 57, 289, 120, 320
108.082, 237, 17, 252, 144
107.995, 169, 41, 184, 72
107.984, 33, 287, 96, 302
107.977, 161, 233, 224, 248
107.966, 1, 273, 64, 400
107.955, 161, 73, 224, 104
107.947, 33, 225, 288, 352
107.929, 209, 37, 240, 52
107.886, 157, 41, 172, 72
107.872, 181, 53, 212, 68
107.868, 153, 241, 216, 368
107.861, 105, 273, 168, 400
107.777, 85, 33, 116, 160
107.763, 85, 293, 116, 324
107.74, 1, 337, 256, 400
107.665, 117, 87, 148, 102
107.642, 97, 33, 112, 48
107.628, 227, 67, 242, 82
107.544, 165, 41, 196, 72
107.526, 1, 33, 16, 48
107.526, 227, 89, 242, 120
107.526, 273, 57, 288, 120
107.519, 233, 61, 264, 76
107.504, 21, 23, 36, 38
107.413, 21, 87, 36, 102
107.409, 1, 375, 64, 390
107.315, 61, 65, 92, 96
107.304, 241, 273, 300, 400
107.293, 269, 65, 300, 192
107.286, 247, 81, 262, 112
107.206, 57, 261, 120, 292
107.199, 161, 81, 176, 144
107.195, 123, 81, 138, 144
107.191, 151, 81, 166, 208
107.188, 197, 105, 228, 168
107.075, 145, 337, 272, 400
106.962, 245, 65, 276, 96
106.947, 261, 57, 276, 120
106.871, 1, 209, 32, 272
106.857, 69, 281, 84, 344
106.853, 241, 19, 272, 34
106.842, 159, 245, 174, 260
106.762, 111, 41, 126, 72
106.748, 165, 81, 196, 144
106.74, 193, 95, 256, 110
106.733, 145, 73, 208, 136
106.729, 149, 137, 180, 200
106.631, 13, 129, 28, 160
106.631, 161, 185, 224, 216
106.627, 1, 337, 128, 400
106.609, 257, 87, 272, 102
106.526, 59, 81, 74, 208
106.522, 241, 57, 256, 88
106.522, 145, 369, 272, 400
106.518, 33, 141, 48, 172
106.515, 249, 9, 264, 40
106.507, 283, 25, 298, 88
106.5, 261, 73, 276, 104
106.428, 129, 41, 144, 72
106.409, 129, 81, 144, 144
106.402, 185, 81, 200, 112
106.394, 213, 33, 228, 64
106.3, 103, 41, 118, 72
106.3, 81, 21, 144, 52
106.285, 17, 23, 48, 38
106.274, 203, 17, 218, 144
106.198, 105, 17, 136, 48
106.165, 1, 65, 16, 80
106.078, 49, 125, 64, 140
106.075, 133, 385, 164, 400
106.056, 273, 33, 288, 160
105.958, 161, 177, 224, 240
105.86, 119, 87, 134, 102
105.849, 201, 221, 264, 236
105.849, 163, 121, 178, 184
105.842, 161, 179, 224, 194
105.842, 153, 21, 168, 52
105.842, 237, 65, 252, 192
105.747, 123, 41, 138, 72
105.74, 161, 201, 176, 264
105.718, 33, 349, 160, 380
105.631, 191, 143, 206, 158
105.624, 127, 193, 142, 320
105.616, 233, 79, 248, 94
105.612, 25, 19, 88, 34
105.601, 189, 85, 220, 100
105.514, 129, 175, 192, 190
105.514, 41, 281, 104, 344
105.5, 197, 57, 212, 88
105.496, 249, 81, 280, 144
105.485, 241, 77, 300, 108
105.387, 1, 363, 32, 378
105.285, 143, 121, 158, 184
105.282, 177, 121, 300, 152
105.278, 273, 77, 288, 108
105.274, 279, 49, 294, 176
105.267, 195, 71, 210, 86
105.184, 41, 1, 104, 16
105.176, 47, 29, 62, 44
105.172, 105, 21, 120, 52
105.169, 269, 61, 300, 92
105.169, 117, 209, 148, 336
105.158, 149, 241, 180, 272
105.082, 143, 41, 158, 72
105.038, 249, 17, 264, 144
104.951, 177, 257, 300, 384
104.932, 41, 79, 104, 94
104.921, 1, 45, 16, 60
104.853, 201, 93, 232, 124
104.834, 261, 1, 276, 32
104.827, 129, 81, 192, 208
104.823, 253, 101, 284, 116
104.729, 13, 101, 28, 132
104.725, 83, 1, 98, 64
104.721, 45, 273, 76, 400
104.684, 73, 41, 136, 56
104.609, 263, 101, 278, 116
104.609, 57, 293, 120, 308
104.511, 13, 115, 44, 130
104.503, 63, 75, 78, 90
104.503, 9, 171, 72, 186
104.496, 141, 89, 156, 152
104.496, 1, 241, 64, 304
104.474, 219, 39, 234, 54
104.47, 247, 1, 262, 64
104.39, 265, 77, 296, 92
104.39, 265, 89, 296, 152
104.387, 11, 103, 26, 118
104.372, 233, 73, 264, 88
104.368, 15, 75, 30, 90
104.278, 85, 29, 100, 60
104.278, 29, 117, 44, 148
104.274, 201, 209, 264, 240
104.154, 37, 49, 52, 64
104.063, 201, 177, 264, 240
104.052, 149, 145, 180, 176
104.048, 3, 141, 18, 172
104.048, 241, 57, 256, 120
104.045, 99, 1, 114, 64
104.041, 29, 101, 44, 132
104.041, 19, 81, 34, 144
103.954, 65, 83, 128, 98
103.95, 149, 173, 180, 188
103.936, 241, 97, 300, 352
103.928, 105, 293, 168, 308
103.925, 1, 197, 64, 228
103.827, 105, 249, 168, 312
103.823, 25, 113, 40, 176
103.804, 17, 141, 144, 172
103.721, 189, 25, 220, 56
103.717, 237, 161, 252, 288
103.706, 33, 125, 160, 156
103.695, 233, 69, 248, 84
103.688, 53, 93, 68, 124
103.619, 57, 233, 120, 296
103.612, 177, 141, 208, 172
103.605, 173, 293, 204, 308
103.597, 129, 145, 192, 208
103.586, 251, 89, 266, 152
103.481, 57, 25, 88, 56
103.39, 33, 241, 160, 304
103.372, 193, 249, 256, 312
103.364, 261, 81, 276, 96
103.274, 177, 87, 208, 102
103.263, 1, 309, 128, 340
103.244, 35, 29, 50, 44
103.15, 1, 209, 64, 272
103.15, 105, 81, 168, 208
103.146, 9, 367, 72, 382
103.052, 9, 269, 72, 300
103.045, 1, 193, 32, 320
103.041, 65, 129, 128, 384
102.993, 249, 27, 264, 42
102.939, 49, 261, 176, 292
102.921, 193, 57, 208, 72
102.917, 271, 51, 286, 66
102.913, 269, 369, 300, 400
102.899, 55, 81, 70, 96
102.812, 9, 355, 24, 370
102.812, 217, 13, 280, 44
102.808, 1, 121, 128, 184
102.714, 157, 241, 172, 304
102.706, 177, 137, 208, 200
102.684, 17, 383, 80, 398
102.673, 149, 239, 180, 254
102.605, 201, 197, 264, 228
102.597, 145, 249, 160, 312
102.593, 57, 289, 88, 304
102.582, 207, 41, 222, 72
102.582, 249, 41, 264, 72
102.579, 43, 117, 58, 148
102.477, 213, 85, 244, 116
102.477, 157, 337, 172, 400
102.372, 117, 41, 148, 56
102.349, 217, 83, 248, 98
102.259, 273, 65, 288, 96
102.255, 105, 105, 168, 168
102.251, 161, 203, 224, 218
102.251, 43, 113, 58, 240
102.248, 269, 87, 284, 102
102.15, 105, 141, 168, 172
102.142, 53, 25, 68, 40
102.142, 41, 13, 72, 44
102.139, 1, 355, 32, 370
102.139, 161, 169, 224, 200
102.131, 45, 379, 76, 394
102.128, 5, 367, 20, 382
102.117, 121, 229, 184, 260
102.041, 177, 133, 208, 148
101.946, 57, 141, 120, 156
101.932, 163, 41, 178, 72
101.928, 153, 87, 216, 102
101.823, 137, 225, 152, 256
101.811, 111, 89, 126, 152
101.688, 1, 181, 64, 212
101.688, 57, 273, 88, 336
101.684, 49, 361, 176, 392
101.677, 225, 73, 240, 104
101.59, 161, 43, 192, 58
101.582, 81, 293, 112, 308
101.575, 177, 129, 240, 384
101.571, 153, 295, 216, 310
101.477, 133, 43, 164, 58
101.477, 165, 241, 180, 304
101.469, 65, 279, 128, 294
101.469, 133, 149, 164, 180
101.466, 245, 71, 276, 86
101.466, 173, 287, 204, 302
101.466, 231, 73, 246, 104
101.458, 93, 39, 108, 54
101.458, 47, 373, 62, 388
101.451, 3, 201, 18, 264
101.451, 25, 97, 40, 224
101.451, 133, 161, 148, 288
101.371, 117, 41, 132, 72
101.368, 229, 25, 244, 40
101.353, 161, 209, 224, 240
101.353, 121, 249, 152, 312
101.338, 11, 117, 26, 148
101.255, 49, 163, 64, 178
101.233, 177, 185, 300, 216
101.142, 65, 61, 96, 76
101.142, 169, 1, 232, 64
101.139, 161, 21, 192, 52
101.105, 25, 29, 88, 44
101.026, 201, 225, 264, 256
101.022, 33, 163, 64, 178
100.909, 183, 43, 198, 58
100.909, 151, 249, 166, 312
100.898, 85, 47, 116, 62
100.895, 129, 257, 256, 320
100.804, 163, 149, 178, 180
100.8, 147, 43, 162, 58
100.8, 37, 151, 68, 166
100.797, 79, 281, 94, 344
100.793, 161, 193, 224, 208
100.767, 11, 161, 26, 224
100.68, 9, 361, 40, 392
100.68, 201, 9, 216, 72
100.676, 11, 337, 26, 400
100.658, 213, 9, 244, 72
100.571, 137, 145, 168, 208
100.56, 1, 259, 64, 274
100.56, 1, 209, 32, 240
100.553, 81, 285, 208, 316
100.516, 255, 23, 270, 38
100.451, 285, 49, 300, 176
100.44, 129, 247, 192, 262
100.356, 233, 79, 296, 94
100.345, 177, 385, 240, 400
100.345, 1, 217, 64, 248
100.331, 177, 249, 300, 280
100.331, 193, 209, 256, 336
100.247, 201, 105, 232, 136
100.233, 257, 369, 288, 400
100.229, 9, 109, 40, 124
100.229, 1, 211, 32, 226
100.222, 129, 33, 192, 48
100.12, 9, 139, 72, 154
100.112, 9, 347, 40, 362
100.112, 73, 289, 104, 320
100.109, 219, 33, 234, 48
100.105, 153, 113, 184, 176
100.007, 177, 289, 300, 320
100.003, 239, 73, 254, 104
99.9054, 143, 149, 158, 180
99.9017, 213, 1, 228, 64
99.8943, 219, 81, 234, 112
99.8943, 149, 225, 180, 256
99.8943, 143, 337, 158, 400
99.8722, 21, 53, 52, 68
99.7853, 29, 107, 44, 122
99.7816, 177, 273, 300, 336
99.7816, 25, 145, 40, 272
99.7742, 253, 385, 284, 400
99.7742, 269, 65, 300, 128
99.741, 177, 63, 240, 78
99.6836, 239, 73, 254, 88
99.6799, 159, 43, 174, 58
99.6762, 197, 129, 228, 160
99.5782, 57, 177, 120, 304
99.5745, 61, 73, 92, 88
99.5634, 133, 169, 164, 232
99.5597, 79, 39, 94, 54
99.5597, 163, 225, 178, 256
99.5597, 43, 113, 58, 176
99.556, 263, 61, 278, 76
99.556, 261, 49, 292, 64
99.556, 161, 197, 224, 228
99.5486, 1, 369, 64, 400
99.4506, 137, 169, 168, 200
99.4433, 21, 273, 36, 400
99.4396, 269, 61, 300, 76
99.3416, 89, 297, 152, 360
99.3379, 137, 377, 200, 392
99.3231, 237, 65, 268, 128
99.3009, 17, 161, 48, 176
99.2472, 73, 33, 104, 160
99.2251, 133, 249, 148, 312
99.2251, 185, 273, 248, 400
99.2177, 49, 281, 80, 312
99.2103, 73, 327, 88, 342
99.2066, 57, 369, 88, 400
99.1956, 3, 209, 18, 240
99.1197, 149, 169, 180, 232
99.1012, 49, 117, 80, 132
99.1012, 225, 105, 288, 136
99.0902, 263, 89, 278, 152
98.9885, 137, 337, 200, 400
98.8905, 209, 361, 272, 392
98.8905, 249, 97, 280, 352
98.8868, 7, 273, 22, 400
98.8794, 151, 105, 166, 168
98.8794, 129, 121, 192, 184
98.872, 145, 145, 176, 160
98.8683, 113, 57, 176, 120
98.7814, 161, 21, 176, 52
98.774, 49, 289, 176, 352
98.7629, 81, 45, 112, 76
98.7629, 177, 153, 300, 216
98.7629, 145, 81, 176, 208
98.6723, 61, 81, 76, 112
98.6723, 33, 273, 48, 400
98.6612, 1, 163, 16, 178
98.6538, 209, 385, 240, 400
98.6243, 73, 37, 136, 68
98.5669, 33, 145, 64, 160
98.5521, 137, 297, 200, 328
98.5448, 135, 81, 150, 208
98.5411, 53, 45, 68, 60
98.5411, 1, 305, 128, 368
98.4431, 213, 31, 244, 46
98.4394, 201, 215, 264, 230
98.432, 53, 29, 84, 44
98.432, 257, 83, 288, 98
98.4172, 275, 25, 290, 88
98.4135, 177, 109, 300, 140
98.4135, 267, 49, 282, 176
98.4099, 133, 193, 164, 320
98.3303, 117, 41, 132, 56
98.3303, 123, 41, 138, 56
98.3266, 57, 385, 120, 400
98.3192, 153, 249, 184, 264
98.3192, 45, 337, 76, 400
98.3155, 145, 385, 208, 400
98.2249, 137, 235, 168, 250
98.2212, 81, 297, 144, 328
98.2175, 45, 273, 76, 336
98.2138, 81, 299, 144, 314
98.2138, 49, 333, 176, 364
98.2101, 193, 277, 256, 308
98.2101, 25, 337, 40, 400
98.1806, 137, 193, 200, 320
98.1048, 241, 97, 300, 224
98.1011, 1, 269, 64, 284
98.09, 61, 25, 76, 56
98.0752, 61, 37, 92, 68
98.0641, 253, 9, 284, 40
98.0031, 153, 21, 216, 52
97.9846, 161, 209, 224, 224
97.9624, 265, 41, 296, 104
97.9588, 145, 193, 176, 320
97.8866, 153, 117, 216, 148
97.8829, 169, 77, 200, 92
97.8829, 269, 81, 284, 144
97.8792, 5, 329, 36, 360
97.8792, 25, 17, 88, 48
97.8755, 1, 205, 128, 236
97.8755, 69, 281, 100, 344
97.8718, 161, 215, 224, 230
97.8681, 133, 297, 164, 312
97.7627, 161, 185, 224, 200
97.7554, 133, 81, 164, 208
97.748, 201, 87, 216, 102
97.7222, 267, 1, 282, 32
97.6684, 149, 231, 180, 246
97.6463, 161, 223, 224, 238
97.6389, 273, 41, 288, 72
97.6352, 1, 313, 16, 376
97.5446, 283, 89, 298, 120
97.5409, 33, 135, 64, 150
97.5372, 273, 93, 288, 108
97.5372, 179, 81, 194, 112
97.5372, 133, 369, 164, 400
97.5335, 79, 337, 94, 400
97.4355, 113, 75, 144, 90
97.4355, 49, 105, 112, 168
97.4281, 37, 131, 52, 146
97.4281, 169, 241, 184, 368
97.4207, 97, 329, 224, 360
97.4134, 49, 379, 112, 394
97.3986, 237, 1, 268, 64
97.3338, 177, 67, 208, 82
97.3264, 201, 115, 232, 130
97.3154, 9, 127, 24, 142
97.3117, 129, 137, 192, 152
97.3043, 65, 39, 96, 54
97.3043, 1, 209, 64, 224
97.2858, 97, 225, 224, 288
97.2747, 65, 25, 128, 88
97.221, 49, 151, 64, 166
97.21, 201, 259, 264, 274
97.21, 57, 369, 120, 384
97.2026, 81, 285, 144, 300
97.2026, 97, 277, 160, 308
97.1915, 69, 273, 100, 400
97.1046, 177, 113, 208, 240
97.0935, 197, 273, 228, 400
97.0824, 261, 337, 276, 400
97.075, 161, 81, 176, 208
96.9807, 193, 287, 256, 302
96.9807, 1, 185, 64, 248
96.977, 47, 273, 62, 400
96.9697, 229, 129, 260, 384
96.9475, 241, 13, 300, 28
96.8606, 37, 385, 68, 400
96.77, 177, 117, 208, 148
96.7589, 49, 141, 64, 172
96.7515, 153, 33, 184, 48
96.7478, 193, 281, 224, 344
96.7404, 121, 81, 152, 208
96.6646, 117, 17, 148, 48
96.6498, 201, 253, 264, 284
96.6424, 23, 357, 38, 388
96.6387, 161, 121, 176, 152
96.6387, 41, 301, 104, 332
96.6055, 253, 21, 284, 36
96.537, 173, 193, 204, 320
96.5333, 153, 131, 216, 146
96.5333, 201, 237, 264, 268
96.5296, 213, 369, 244, 400
96.526, 265, 25, 280, 56
96.5186, 267, 369, 282, 400
96.5186, 1, 177, 128, 304
96.4353, 153, 157, 216, 172
96.4353, 201, 129, 264, 160
96.4279, 97, 261, 224, 292
96.4206, 191, 141, 206, 172
96.4169, 1, 221, 64, 236
96.4169, 165, 81, 196, 112
96.3947, 49, 1, 176, 64
96.391, 33, 39, 64, 54
96.3115, 49, 103, 112, 118
96.3004, 21, 355, 52, 370
96.3004, 151, 369, 166, 400
96.3004, 67, 273, 82, 400
96.2061, 137, 169, 152, 232
96.195, 221, 109, 252, 124
96.195, 201, 231, 264, 246
96.195, 17, 357, 32, 388
96.195, 241, 241, 300, 304
96.1839, 237, 89, 268, 152
96.1618, 1, 97, 32, 112
96.0859, 257, 65, 288, 96
96.0786, 97, 383, 160, 398
96.0749, 49, 297, 176, 328
96.0712, 233, 89, 296, 152
96.0712, 1, 337, 300, 400
95.9953, 57, 137, 120, 168
95.9732, 1, 227, 64, 242
95.9695, 145, 81, 160, 208
95.9658, 129, 149, 192, 180
95.8752, 153, 51, 216, 66
95.853, 37, 371, 68, 386
95.853, 161, 145, 176, 208
95.8456, 233, 55, 264, 70
95.8456, 89, 273, 104, 400
95.8419, 279, 41, 294, 72
95.8345, 5, 121, 20, 152
95.8235, 65, 73, 192, 136
95.7624, 111, 17, 126, 48
95.7439, 105, 129, 168, 160
95.7402, 177, 293, 240, 308
95.7402, 97, 145, 160, 272
95.7365, 97, 313, 224, 376
95.7292, 85, 323, 116, 338
95.7292, 177, 261, 300, 292
95.7218, 75, 45, 90, 76
95.6238, 45, 105, 76, 168
95.5258, 201, 179, 264, 194
95.4741, 49, 33, 176, 64
95.4241, 201, 93, 232, 108
95.4093, 97, 31, 128, 46
95.3002, 145, 81, 176, 112
95.2818, 1, 297, 300, 360
95.1985, 109, 299, 140, 314
95.1838, 139, 249, 154, 312
95.1764, 75, 285, 90, 316
95.1727, 137, 121, 152, 184
95.1653, 65, 337, 192, 400
95.071, 69, 285, 84, 316
95.0673, 37, 193, 68, 320
95.0599, 1, 197, 64, 212
95.0488, 5, 165, 36, 180
94.9693, 85, 289, 116, 352
94.9582, 171, 129, 186, 192
94.9582, 109, 273, 140, 400
94.9508, 1, 305, 256, 368
94.9471, 125, 145, 156, 272
94.8418, 265, 45, 280, 76
94.8418, 229, 209, 260, 272
94.7401, 105, 61, 168, 92
94.7401, 201, 153, 264, 216
94.7327, 201, 129, 232, 384
94.729, 149, 125, 180, 156
94.729, 177, 305, 192, 368
94.7253, 11, 341, 26, 372
94.7179, 225, 1, 256, 64
94.7105, 33, 273, 288, 336
94.6088, 97, 341, 224, 372
94.6014, 241, 1, 300, 32
94.5182, 49, 97, 112, 224
94.5145, 15, 89, 30, 120
94.5108, 185, 273, 216, 400
94.5034, 9, 353, 24, 384
94.5034, 57, 353, 120, 384
94.4961, 45, 105, 76, 136
94.4702, 61, 1, 92, 128
94.387, 1, 361, 64, 376
94.3833, 157, 121, 172, 184
94.2779, 157, 145, 172, 176
94.2447, 189, 37, 220, 68
94.1799, 201, 249, 264, 264
94.1614, 53, 23, 84, 38
94.1614, 149, 161, 180, 192
94.0634, 133, 121, 164, 152
94.056, 61, 273, 76, 336
94.045, 173, 293, 204, 324
94.0228, 259, 9, 274, 72
93.958, 113, 75, 176, 90
93.9543, 101, 89, 132, 152
93.947, 97, 369, 160, 400
93.9396, 1, 249, 64, 264
93.9285, 25, 105, 88, 136
93.9248, 11, 145, 26, 272
93.849, 201, 205, 264, 220
93.8379, 185, 1, 216, 64
93.8305, 227, 369, 242, 400
93.8268, 1, 187, 64, 202
93.8268, 97, 373, 160, 388
93.7362, 49, 109, 112, 140
93.7325, 177, 241, 208, 304
93.7251, 177, 97, 240, 128
93.7214, 197, 385, 228, 400
93.7214, 161, 171, 224, 186
93.7177, 1, 161, 16, 192
93.714, 5, 185, 20, 216
93.6234, 253, 105, 268, 136
93.6197, 129, 353, 192, 368
93.605, 191, 289, 206, 320
93.5865, 221, 97, 236, 128
93.4959, 137, 245, 168, 276
93.3868, 233, 385, 296, 400
93.3831, 187, 1, 202, 64
93.3794, 277, 369, 292, 400
93.2851, 73, 53, 136, 68
93.1613, 89, 349, 152, 364
93.0485, 241, 273, 272, 400
93.0337, 155, 273, 170, 400
92.9505, 201, 107, 232, 122
92.932, 241, 177, 300, 304
92.9283, 105, 299, 168, 314
92.9246, 97, 369, 224, 400
92.9136, 261, 49, 276, 176
92.8414, 95, 41, 110, 104
92.8377, 9, 177, 72, 192
92.8192, 233, 337, 264, 400
92.7249, 85, 41, 116, 104
92.7065, 73, 51, 104, 66
92.6085, 201, 267, 264, 282
92.6085, 157, 81, 172, 112
92.6011, 129, 347, 192, 362
92.5974, 73, 327, 104, 342
92.5974, 1, 329, 16, 360
92.5974, 145, 153, 272, 184
92.5863, 141, 247, 172, 262
92.5789, 265, 49, 296, 80
92.4883, 173, 81, 188, 112
92.4846, 127, 209, 142, 272
92.4809, 157, 81, 188, 208
92.4477, 65, 1, 80, 128
92.3866, 213, 81, 228, 112
92.3792, 283, 73, 298, 136
92.3755, 193, 379, 256, 394
92.3755, 267, 337, 282, 400
92.2591, 73, 273, 136, 304
92.2554, 177, 129, 208, 160
92.2517, 153, 135, 184, 150
92.2443, 217, 1, 280, 64
92.1463, 17, 265, 80, 328
92.1426, 177, 17, 300, 48
92.1389, 269, 289, 300, 352
92.1205, 89, 1, 152, 64
92.052, 161, 61, 192, 92
92.0409, 153, 249, 216, 280
92.0335, 129, 81, 144, 208
92.0262, 193, 279, 256, 294
92.0225, 145, 1, 208, 64
91.9429, 57, 97, 120, 128
91.9355, 117, 61, 148, 92
91.9208, 229, 85, 260, 100
91.9171, 1, 203, 64, 218
91.9171, 165, 1, 196, 64
91.8375, 61, 79, 92, 94
91.8191, 227, 1, 242, 64
91.8191, 113, 161, 144, 288
91.808, 269, 89, 284, 120
91.808, 149, 337, 164, 400
91.8006, 193, 265, 256, 296
91.7248, 57, 147, 120, 162
91.7248, 133, 17, 148, 48
91.71, 61, 261, 92, 292
91.6989, 225, 209, 256, 240
91.6952, 63, 281, 78, 312
91.6731, 25, 157, 88, 172
91.6731, 33, 277, 160, 308
91.6731, 147, 1, 162, 64
91.5935, 101, 273, 116, 400
91.5898, 261, 337, 292, 400
91.5825, 193, 273, 256, 336
91.5825, 55, 273, 70, 400
91.5751, 225, 67, 256, 82
91.564, 73, 25, 88, 88
91.4992, 57, 273, 120, 288
91.4734, 25, 369, 88, 400
91.466, 153, 385, 184, 400
91.4586, 15, 129, 30, 192
91.4586, 49, 129, 80, 384
91.3791, 229, 9, 260, 40
91.3754, 285, 29, 300, 60
91.3717, 273, 337, 288, 400
91.3606, 1, 225, 32, 256
91.3569, 283, 49, 298, 112
91.3311, 89, 41, 120, 56
91.2663, 129, 61, 192, 92
91.2589, 163, 169, 178, 232
91.2441, 181, 293, 196, 324
91.2404, 1, 245, 64, 276
91.1424, 17, 281, 80, 296
91.1424, 185, 369, 248, 400
91.1351, 113, 73, 176, 104
91.1166, 1, 133, 32, 164
91.0297, 85, 357, 116, 388
90.939, 117, 17, 132, 48
90.9132, 29, 365, 60, 396
90.9095, 141, 379, 172, 394
90.9021, 57, 283, 88, 298
90.8115, 37, 113, 52, 240
90.7967, 151, 245, 166, 276
90.695, 137, 297, 200, 360
90.6913, 21, 157, 36, 188
90.6913, 77, 305, 108, 336
90.684, 177, 1, 192, 64
90.5933, 49, 161, 64, 288
90.5897, 109, 143, 140, 158
90.5823, 249, 105, 280, 136
90.5786, 221, 281, 252, 344
90.5712, 1, 317, 64, 348
90.5601, 231, 65, 246, 192
90.5564, 81, 293, 144, 308
90.488, 89, 33, 104, 160
90.4806, 49, 109, 112, 124
90.4621, 201, 107, 264, 122
90.4584, 233, 217, 296, 280
90.3789, 95, 33, 110, 160
90.3752, 109, 297, 140, 328
90.3715, 189, 21, 204, 52
90.3715, 201, 129, 232, 256
90.353, 69, 333, 100, 348
90.3493, 55, 13, 70, 44
90.3457, 165, 129, 196, 192
90.342, 199, 97, 214, 160
90.342, 1, 129, 128, 256
90.244, 105, 137, 168, 152
90.244, 9, 193, 24, 320
90.244, 225, 161, 256, 288
90.2255, 13, 137, 44, 200
90.1275, 239, 201, 254, 264
90.1238, 233, 277, 296, 308
90.1201, 17, 333, 32, 364
90.1201, 97, 349, 160, 380
90.1053, 145, 1, 176, 64
90.0221, 191, 105, 206, 168
90.0073, 267, 73, 282, 104
90.0073, 167, 145, 182, 272
89.913, 177, 61, 192, 92
89.9093, 135, 81, 150, 112
89.9093, 201, 173, 264, 204
89.9093, 213, 113, 244, 240
89.8983, 247, 225, 262, 352
89.8946, 23, 305, 38, 368
89.8872, 129, 21, 192, 52
89.7966, 13, 125, 44, 140
89.7892, 269, 273, 300, 400
89.7596, 137, 37, 168, 52
89.6838, 87, 289, 102, 352
89.6801, 129, 341, 192, 356
89.6801, 241, 337, 300, 400
89.6801, 95, 273, 110, 400
89.6764, 153, 273, 216, 304
89.6764, 5, 297, 36, 360
89.6616, 121, 57, 152, 120
89.658, 177, 81, 240, 208
89.5673, 5, 377, 36, 392
89.5673, 243, 89, 258, 152
89.5636, 117, 73, 148, 104
89.5599, 181, 385, 212, 400
89.5563, 93, 1, 124, 64
89.5452, 161, 81, 224, 96
89.4656, 9, 275, 72, 290
89.4656, 201, 185, 264, 216
89.4619, 241, 313, 300, 376
89.4582, 241, 105, 272, 120
89.4546, 17, 273, 48, 400
89.4509, 69, 293, 100, 308
89.4509, 245, 69, 260, 100
89.4509, 121, 129, 152, 192
89.4509, 133, 337, 164, 400
89.4472, 137, 77, 200, 92
89.3492, 165, 81, 180, 112
89.3492, 273, 273, 288, 400
89.3492, 253, 273, 284, 400
89.3418, 129, 341, 192, 372
89.3381, 229, 379, 260, 394
89.3344, 145, 297, 176, 312
89.3307, 109, 33, 140, 48
89.2512, 201, 129, 232, 192
89.2438, 201, 121, 232, 136
89.2401, 73, 315, 104, 330
89.2401, 201, 237, 264, 252
89.2364, 191, 137, 206, 200
89.229, 237, 385, 268, 400
89.2216, 245, 61, 276, 76
89.2106, 185, 97, 216, 352
89.2069, 153, 65, 184, 128
89.1162, 37, 157, 68, 172
89.1125, 57, 109, 72, 140
89.0941, 163, 193, 178, 320
89.0182, 201, 195, 264, 210
89.0108, 1, 385, 32, 400
89.0108, 125, 81, 140, 112
89.0108, 133, 81, 164, 112
89.0108, 241, 257, 272, 320
88.9961, 259, 101, 274, 132
88.9961, 185, 337, 248, 400
88.9924, 47, 13, 62, 44
88.887, 245, 225, 276, 352
88.789, 81, 313, 208, 344
88.789, 19, 161, 34, 224
88.7779, 197, 369, 212, 400
88.7779, 1, 337, 64, 400
88.7705, 105, 29, 168, 60
88.6873, 9, 215, 72, 230
88.6799, 69, 329, 84, 392
88.6725, 3, 225, 18, 288
88.6688, 9, 369, 40, 384
88.6615, 57, 337, 72, 400
88.6615, 73, 273, 88, 400
88.6319, 27, 133, 42, 164
88.5782, 195, 25, 210, 56
88.5782, 133, 61, 164, 92
88.5708, 81, 41, 96, 104
88.5561, 57, 331, 120, 346
88.4507, 273, 29, 288, 60
88.4433, 241, 379, 300, 394
88.4359, 173, 273, 204, 336
88.4285, 225, 101, 256, 132
88.3637, 109, 297, 140, 360
88.3379, 127, 205, 142, 236
88.3379, 129, 353, 192, 384
88.3379, 257, 273, 272, 400
88.3342, 245, 257, 260, 320
88.3305, 137, 135, 168, 150
88.3268, 101, 97, 132, 352
88.2362, 181, 21, 196, 52
88.2288, 197, 277, 228, 308
88.2251, 153, 379, 184, 394
88.2251, 147, 81, 162, 112
88.2251, 37, 273, 68, 304
88.2178, 145, 329, 272, 360
88.2141, 87, 317, 102, 348
88.1993, 25, 113, 88, 240
88.1198, 193, 289, 256, 320
88.1124, 45, 337, 60, 400
88.1087, 177, 273, 208, 304
88.105, 99, 329, 114, 360
88.1013, 117, 65, 132, 96
88.1013, 109, 69, 124, 100
88.0976, 1, 225, 64, 352
88.0902, 157, 1, 172, 64
88.0107, 61, 233, 92, 296
88.0033, 97, 47, 128, 62
87.9996, 151, 121, 166, 152
87.9959, 57, 281, 72, 312
87.9922, 269, 103, 300, 118
87.9922, 9, 209, 24, 272
87.9922, 97, 153, 160, 216
87.8868, 11, 69, 26, 100
87.8868, 149, 173, 180, 204
87.8868, 131, 129, 146, 192
87.8794, 11, 369, 26, 400
87.8425, 235, 9, 250, 72
87.7777, 201, 273, 264, 288
87.774, 269, 69, 300, 84
87.774, 39, 357, 54, 388
87.7593, 129, 241, 144, 368
87.7519, 161, 239, 192, 254
87.6797, 57, 129, 120, 192
87.6687, 25, 305, 56, 368
87.665, 197, 289, 228, 320
87.665, 201, 117, 264, 148
87.6613, 225, 261, 288, 292
87.6576, 209, 385, 272, 400
87.6428, 73, 369, 104, 400
87.5522, 45, 283, 76, 298
87.5448, 191, 125, 206, 156
87.5411, 145, 337, 176, 400
87.5264, 253, 1, 268, 64
87.4431, 137, 169, 152, 200
87.4394, 129, 253, 192, 268
87.432, 85, 289, 100, 320
87.421, 57, 383, 88, 398
87.3303, 229, 215, 260, 230
87.323, 229, 257, 260, 384
87.3193, 145, 305, 272, 368
87.3156, 129, 285, 192, 316
87.3119, 189, 85, 220, 116
87.3119, 197, 273, 212, 400
87.2934, 121, 217, 184, 280
87.2176, 233, 7, 296, 22
87.2139, 241, 337, 256, 400
87.2139, 165, 241, 196, 304
87.2139, 25, 321, 88, 384
87.2102, 269, 381, 300, 396
87.2102, 225, 109, 288, 124
87.1233, 127, 17, 142, 48
87.1048, 105, 149, 168, 164
87.1048, 201, 243, 264, 258
87.0974, 33, 371, 96, 386
87.0974, 193, 369, 224, 400
87.0937, 47, 369, 62, 400
87.09, 21, 131, 52, 146
87.09, 1, 217, 32, 232
87.09, 25, 361, 56, 376
86.9883, 89, 361, 152, 376
86.9846, 53, 9, 84, 40
86.9699, 121, 57, 136, 120
86.8793, 133, 181, 164, 212
86.8719, 241, 287, 300, 302
86.8682, 245, 51, 276, 66
86.8645, 229, 177, 260, 240
86.8608, 249, 65, 264, 192
86.8497, 113, 1, 176, 64
86.7776, 201, 99, 232, 114
86.7665, 105, 153, 168, 184
86.7628, 5, 273, 36, 400
86.7591, 81, 273, 96, 400
86.7554, 45, 369, 76, 400
86.748, 1, 197, 32, 228
86.748, 177, 113, 208, 176
86.6574, 137, 173, 168, 188
86.6426, 229, 369, 260, 400
86.5483, 153, 57, 216, 72
86.5446, 37, 169, 68, 184
86.5299, 171, 1, 186, 64
86.5299, 249, 65, 280, 192
86.5225, 65, 33, 96, 48
86.4282, 97, 233, 160, 264
86.4245, 209, 371, 272, 386
86.4097, 265, 37, 296, 68
86.3228, 49, 159, 112, 174
86.2026, 89, 333, 152, 364
86.1953, 105, 337, 168, 400
86.1916, 21, 381, 52, 396
86.1916, 13, 337, 44, 400
86.1879, 165, 35, 196, 50
86.1768, 129, 285, 256, 316
86.0899, 161, 145, 192, 176
86.0862, 211, 273, 226, 400
86.0825, 129, 143, 192, 158
85.9734, 69, 279, 100, 294
85.9697, 45, 117, 76, 148
85.9697, 241, 369, 300, 400
85.966, 165, 1, 180, 64
85.9623, 129, 133, 192, 164
85.9512, 65, 73, 192, 104
85.8643, 1, 357, 64, 388
85.8643, 35, 121, 50, 184
85.8532, 105, 241, 168, 256
85.7552, 41, 303, 104, 318
85.7552, 137, 303, 200, 318
85.7552, 241, 113, 272, 240
85.7515, 5, 185, 36, 216
85.7515, 29, 257, 44, 320
85.7442, 161, 293, 224, 324
85.7368, 49, 365, 112, 396
85.6572, 177, 21, 208, 52
85.6425, 161, 165, 224, 180
85.6425, 37, 249, 68, 312
85.6314, 153, 369, 184, 400
85.5445, 81, 33, 96, 160
85.4243, 237, 169, 252, 232
85.4169, 213, 273, 244, 400
85.4132, 241, 229, 300, 260
85.4132, 173, 337, 188, 400
85.4095, 179, 281, 194, 344
85.4058, 177, 173, 300, 204
85.3042, 265, 101, 296, 132
85.3042, 243, 81, 258, 208
85.3005, 177, 89, 208, 120
85.3005, 129, 329, 192, 360
85.3005, 139, 313, 154, 376
85.2061, 153, 261, 216, 292
85.1877, 257, 105, 272, 168
85.184, 221, 337, 252, 400
85.0897, 203, 193, 218, 320
85.0897, 201, 177, 232, 304
85.0823, 99, 313, 114, 376
84.9732, 35, 305, 50, 368
84.9511, 137, 57, 168, 120
84.9474, 137, 137, 168, 168
84.8568, 113, 105, 144, 168
84.8235, 137, 1, 152, 64
84.7403, 5, 185, 36, 248
84.7366, 177, 333, 208, 364
84.6423, 195, 1, 210, 64
84.6238, 137, 371, 200, 386
84.6238, 191, 81, 206, 208
84.6238, 127, 129, 142, 256
84.6201, 225, 265, 288, 328
84.6201, 241, 289, 300, 352
84.6127, 127, 57, 142, 120
84.598, 209, 1, 224, 128
84.5147, 185, 337, 200, 400
84.5111, 85, 337, 100, 400
84.5074, 57, 337, 88, 400
84.5037, 223, 81, 238, 208
84.4167, 173, 209, 204, 272
84.402, 261, 97, 292, 352
84.315, 57, 125, 120, 156
84.3003, 201, 185, 264, 200
84.3003, 1, 233, 64, 264
84.2855, 1, 321, 128, 352
84.2707, 33, 85, 96, 100
84.1838, 245, 225, 276, 288
84.1801, 33, 321, 96, 352
84.158, 105, 1, 120, 64
84.0674, 217, 257, 280, 384
84.06, 1, 329, 64, 360
84.06, 27, 273, 42, 400
83.9583, 129, 359, 192, 374
83.9583, 249, 105, 280, 168
83.8233, 1, 225, 128, 352
83.7438, 113, 153, 144, 216
83.729, 145, 283, 208, 298
83.7253, 9, 301, 72, 316
83.631, 75, 33, 90, 160
83.6126, 241, 225, 300, 352
83.6089, 247, 337, 262, 400
83.5109, 201, 117, 232, 148
83.5072, 57, 329, 120, 392
83.5035, 229, 233, 260, 264
83.5035, 137, 337, 152, 400
83.4998, 145, 357, 272, 388
83.4961, 1, 261, 128, 292
83.3981, 53, 265, 68, 328
83.3944, 77, 317, 108, 348
83.387, 49, 319, 112, 334
83.387, 17, 349, 48, 380
83.3796, 233, 373, 296, 388
83.2964, 61, 77, 92, 108
83.2853, 213, 321, 228, 384
83.2779, 177, 345, 300, 376
83.2743, 169, 81, 184, 208
83.2743, 161, 145, 192, 272
83.1726, 189, 273, 204, 400
83.1689, 169, 337, 200, 400
83.1578, 225, 97, 240, 160
83.0709, 97, 273, 128, 304
83.0598, 177, 301, 300, 332
83.0561, 65, 289, 128, 352
83.0524, 261, 297, 292, 328
82.947, 37, 161, 68, 192
82.9433, 85, 329, 116, 360
82.9433, 31, 145, 46, 272
82.9212, 105, 1, 136, 64
82.8342, 241, 281, 272, 312
82.8306, 61, 129, 92, 384
82.7252, 133, 297, 164, 328
82.7215, 13, 313, 28, 376
82.7178, 139, 145, 154, 208
82.7178, 1, 193, 128, 256
82.7104, 217, 379, 280, 394
82.6161, 201, 157, 264, 188
82.5976, 33, 273, 96, 304
82.507, 241, 255, 300, 270
82.4959, 1, 329, 64, 344
82.4922, 161, 337, 224, 352
82.4885, 245, 369, 276, 400
82.4885, 225, 113, 256, 240
82.3942, 89, 321, 152, 352
82.3905, 131, 105, 146, 168
82.3647, 89, 33, 104, 96
82.2778, 217, 117, 248, 148
82.165, 57, 363, 120, 378
82.0633, 153, 63, 216, 78
82.0633, 151, 201, 166, 264
82.0485, 177, 341, 240, 372
82.0485, 203, 241, 218, 368
82.0448, 105, 297, 168, 328
82.0448, 271, 289, 286, 352
82.0301, 197, 81, 212, 208
81.9284, 113, 137, 144, 168
81.9284, 9, 297, 72, 328
81.8267, 225, 337, 240, 400
81.823, 81, 341, 144, 356
81.823, 51, 329, 66, 392
81.823, 267, 273, 282, 400
81.8193, 129, 169, 192, 184
81.8193, 225, 289, 288, 320
81.8193, 29, 273, 60, 400
81.725, 173, 161, 204, 224
81.7176, 253, 277, 284, 308
81.6048, 181, 369, 212, 400
81.6011, 249, 325, 280, 356
81.6011, 61, 357, 92, 388
81.5974, 241, 273, 256, 400
81.5901, 125, 133, 156, 164
81.5901, 17, 329, 48, 360
81.5901, 217, 337, 280, 400
81.4958, 49, 129, 64, 192
81.4921, 201, 173, 264, 188
81.4921, 81, 331, 144, 346
81.4847, 185, 273, 200, 336
81.3793, 127, 241, 142, 304
81.3756, 225, 221, 256, 252
81.3645, 65, 257, 128, 320
81.3571, 57, 225, 120, 352
81.2628, 13, 169, 44, 200
81.2628, 261, 345, 292, 376
81.2591, 201, 101, 264, 116
81.2591, 241, 345, 300, 376
81.2554, 137, 273, 200, 336
81.2518, 241, 293, 300, 308
81.1537, 9, 265, 40, 328
81.1501, 217, 257, 248, 320
81.1427, 33, 295, 96, 310
81.1427, 25, 337, 56, 400
81.139, 169, 313, 184, 376
81.1316, 69, 25, 100, 88
81.041, 97, 367, 160, 382
81.041, 149, 305, 180, 368
81.0336, 209, 289, 240, 352
81.0299, 161, 337, 224, 400
81.0262, 201, 101, 264, 132
81.0262, 269, 313, 300, 376
81.0114, 133, 1, 164, 64
80.9282, 85, 313, 116, 376
80.9208, 163, 337, 178, 400
80.9171, 241, 229, 300, 244
80.9171, 201, 225, 232, 352
80.9134, 201, 337, 232, 400
80.9097, 221, 97, 252, 160
80.9097, 229, 209, 260, 336
80.9061, 169, 287, 232, 302
80.8228, 245, 257, 276, 288
80.8228, 237, 357, 268, 388
80.8154, 241, 353, 300, 368
80.8117, 5, 273, 20, 336
80.8007, 177, 117, 240, 148
80.7063, 203, 113, 218, 240
80.699, 177, 225, 240, 288
80.6731, 157, 193, 188, 320
80.5862, 245, 281, 276, 344
80.4771, 241, 301, 300, 332
80.4771, 201, 249, 232, 312
80.4623, 161, 273, 224, 336
80.4587, 77, 277, 108, 308
80.3717, 89, 201, 152, 264
80.3533, 97, 355, 160, 370
80.2626, 93, 73, 124, 104
80.2516, 137, 321, 200, 336
80.2516, 21, 157, 52, 188
80.1462, 59, 97, 74, 160
80.1462, 171, 241, 186, 304
80.1351, 165, 297, 196, 360
80.1277, 249, 337, 280, 400
80.124, 133, 57, 148, 120
80.0223, 49, 313, 176, 376
79.9317, 149, 213, 180, 244
79.9133, 105, 287, 168, 302
79.9133, 257, 297, 272, 360
79.9059, 137, 333, 200, 348
79.8152, 49, 115, 112, 130
79.8152, 113, 209, 144, 272
79.8116, 193, 137, 256, 152
79.8042, 127, 169, 142, 232
79.8042, 11, 281, 26, 344
79.7968, 173, 321, 204, 352
79.7968, 85, 369, 116, 400
79.7025, 249, 169, 264, 232
79.6988, 191, 193, 206, 320
79.6951, 203, 121, 218, 184
79.684, 137, 289, 152, 352
79.6008, 57, 149, 120, 180
79.5934, 99, 289, 114, 352
79.5712, 33, 329, 96, 344
79.5676, 25, 357, 88, 388
79.4806, 89, 189, 152, 220
79.4659, 161, 369, 224, 400
79.4659, 21, 137, 36, 200
79.4511, 149, 57, 164, 120
79.3531, 1, 341, 64, 372
79.342, 33, 209, 96, 336
79.2514, 201, 123, 264, 138
79.244, 97, 225, 160, 288
79.2329, 29, 353, 60, 384
79.2255, 129, 161, 192, 192
79.2255, 261, 265, 276, 328
79.1386, 191, 241, 206, 304
79.1349, 171, 105, 186, 168
79.1312, 233, 357, 296, 388
79.1239, 1, 305, 64, 368
79.1202, 69, 337, 100, 400
79.1017, 111, 1, 126, 64
79.0295, 173, 229, 204, 260
79.0185, 177, 105, 240, 120
79.0148, 85, 345, 116, 376
79.0148, 221, 233, 252, 296
79.0148, 169, 305, 232, 368
79.0111, 235, 273, 250, 400
79.0037, 121, 385, 184, 400
79.0037, 9, 185, 24, 248
78.9057, 233, 217, 296, 232
78.9057, 85, 337, 116, 400
78.7929, 57, 329, 120, 360
78.7892, 179, 337, 194, 400
78.7855, 217, 291, 280, 306
78.7855, 181, 337, 212, 400
78.6912, 61, 233, 76, 296
78.6838, 241, 241, 300, 272
78.6765, 283, 337, 298, 400
78.6765, 257, 289, 288, 352
78.5895, 75, 49, 90, 112
78.5784, 173, 185, 204, 248
78.5748, 45, 313, 76, 376
78.5711, 229, 113, 244, 240
78.5674, 247, 273, 262, 400
78.5637, 173, 273, 204, 400
78.56, 17, 337, 32, 400
78.5563, 161, 125, 192, 156
78.5489, 61, 273, 92, 304
78.5415, 117, 1, 148, 64
78.4472, 25, 161, 88, 288
78.4435, 7, 305, 22, 368
78.3455, 193, 301, 256, 332
78.3455, 79, 313, 94, 376
78.2401, 51, 209, 66, 336
78.2327, 49, 23, 112, 38
78.2327, 37, 261, 68, 292
78.2291, 153, 345, 216, 360
78.12, 221, 121, 252, 184
78.1163, 129, 149, 192, 164
78.1163, 193, 309, 224, 340
78.1126, 169, 351, 232, 366
78.1126, 61, 325, 92, 356
78.0183, 113, 225, 144, 256
77.9998, 185, 293, 216, 324
77.8797, 49, 269, 80, 300
77.7927, 9, 243, 72, 258
77.778, 13, 273, 28, 400
77.7743, 73, 357, 104, 388
77.6763, 249, 349, 280, 380
77.6726, 41, 305, 56, 368
77.6652, 247, 177, 262, 304
77.6652, 237, 161, 268, 288
77.6652, 89, 129, 120, 384
77.6504, 25, 241, 88, 304
77.5783, 57, 153, 120, 168
77.5635, 25, 355, 88, 370
77.4507, 195, 281, 210, 344
77.4434, 133, 285, 164, 316
77.4434, 29, 313, 44, 376
77.4397, 65, 301, 96, 332
77.3343, 177, 313, 208, 376
77.3232, 253, 321, 268, 384
77.3121, 189, 81, 220, 208
77.2141, 161, 293, 192, 324
77.1013, 209, 273, 224, 336
77.1013, 237, 113, 252, 240
76.9812, 177, 133, 240, 164
76.9016, 173, 217, 204, 248
76.8943, 89, 177, 152, 240
76.8795, 283, 273, 298, 400
76.7815, 173, 153, 188, 216
76.7483, 177, 113, 240, 176
76.6724, 89, 201, 152, 232
76.6613, 37, 249, 68, 280
76.6613, 45, 297, 76, 328
76.6539, 129, 369, 192, 400
76.6318, 181, 65, 196, 128
76.5596, 89, 177, 152, 208
76.5449, 171, 289, 186, 352
76.5449, 63, 329, 78, 392
76.5412, 177, 233, 240, 264
76.5412, 193, 305, 224, 368
76.4469, 177, 1, 300, 32
76.4321, 165, 105, 196, 168
76.4321, 157, 337, 188, 400
76.3341, 153, 101, 216, 132
76.3267, 203, 249, 218, 312
76.3119, 205, 333, 236, 364
76.2287, 149, 185, 180, 216
76.225, 173, 189, 204, 220
76.2139, 73, 1, 104, 32
76.2102, 69, 305, 100, 368
76.1159, 177, 153, 208, 184
76.1012, 33, 209, 48, 336
76.0901, 161, 325, 192, 356
75.9884, 1, 237, 32, 268
75.8756, 137, 317, 168, 348
75.8756, 153, 337, 184, 368
75.8682, 137, 289, 168, 352
75.7665, 217, 357, 248, 388
75.7628, 249, 301, 280, 332
75.7592, 9, 317, 40, 348
75.7555, 125, 201, 156, 264
75.6611, 149, 61, 180, 92
75.6538, 65, 337, 96, 368
75.6464, 133, 345, 164, 376
75.6464, 41, 349, 72, 380
75.6316, 217, 241, 280, 304
75.5373, 229, 313, 260, 376
75.5262, 53, 193, 84, 320
75.4319, 133, 193, 164, 224
75.3118, 13, 273, 44, 304
75.0973, 129, 121, 192, 152
75.0973, 173, 193, 188, 320
75.0862, 229, 273, 244, 400
75.0641, 1, 161, 128, 192
74.9882, 173, 145, 188, 272
74.9771, 201, 317, 264, 348
74.9661, 233, 233, 264, 296
74.9624, 137, 73, 200, 104
74.8681, 37, 225, 68, 288
74.857, 105, 245, 168, 276
74.8533, 73, 369, 136, 400
74.7553, 249, 177, 280, 304
74.7516, 197, 141, 228, 172
74.7516, 217, 257, 232, 384
74.7442, 1, 281, 64, 312
74.6388, 241, 113, 300, 176
74.6314, 181, 345, 212, 376
74.6314, 113, 289, 176, 352
74.4317, 173, 205, 204, 236
74.428, 249, 225, 280, 256
74.4133, 125, 245, 156, 276
74.4059, 165, 369, 196, 400
74.3116, 201, 141, 264, 172
74.3042, 255, 81, 270, 208
74.2857, 239, 225, 254, 352
74.1951, 249, 129, 264, 256
74.1914, 169, 321, 232, 352
74.075, 1, 217, 128, 248
74.075, 1, 273, 16, 400
73.9733, 137, 309, 200, 340
73.9659, 273, 81, 288, 208
73.7403, 241, 325, 300, 356
73.6313, 81, 89, 144, 152
73.5369, 57, 97, 88, 160
73.5074, 229, 257, 260, 320
73.4057, 153, 333, 216, 364
73.402, 233, 113, 264, 176
73.3983, 177, 353, 240, 384
73.391, 243, 129, 258, 256
73.3836, 133, 225, 164, 288
73.2966, 1, 233, 32, 296
73.1802, 81, 337, 144, 400
73.1765, 245, 305, 276, 368
73.0748, 121, 193, 136, 320
73.0711, 221, 129, 236, 256
73.0674, 105, 209, 136, 336
73.0526, 129, 273, 256, 304
72.9509, 21, 257, 52, 320
72.9436, 1, 249, 128, 280
72.8566, 201, 225, 232, 288
72.7475, 61, 177, 76, 304
72.718, 89, 273, 152, 336
72.7106, 217, 81, 232, 208
72.6163, 37, 145, 68, 208
72.5035, 233, 217, 296, 248
72.4092, 201, 153, 232, 216
72.3981, 97, 309, 160, 340
72.3871, 269, 249, 300, 312
72.2891, 193, 297, 256, 360
72.18, 89, 221, 152, 252
72.1689, 217, 301, 280, 332
72.0635, 183, 273, 198, 400
72.0525, 97, 273, 128, 400
71.9434, 245, 185, 276, 248
71.9286, 121, 273, 152, 400
71.6235, 57, 97, 88, 224
71.6087, 129, 253, 192, 284
71.6087, 113, 273, 128, 400
71.398, 37, 169, 68, 232
71.3832, 21, 225, 36, 352
71.3795, 241, 193, 300, 256
71.3758, 1, 145, 128, 208
71.3758, 217, 209, 248, 336
71.165, 103, 209, 118, 336
71.154, 1, 193, 128, 224
70.9321, 57, 341, 120, 372
70.9321, 193, 129, 208, 256
70.9284, 49, 13, 112, 44
70.8194, 49, 1, 112, 32
70.8157, 113, 313, 176, 376
70.7177, 109, 113, 140, 240
70.7029, 241, 161, 272, 224
70.6918, 33, 129, 96, 192
70.6049, 105, 117, 168, 148
70.4773, 33, 345, 96, 376
70.4773, 257, 313, 288, 376
70.2518, 27, 225, 42, 352
70.1427, 177, 253, 240, 284
70.1427, 177, 313, 300, 344
69.9172, 157, 265, 188, 328
69.8229, 49, 249, 112, 280
69.8007, 89, 225, 120, 352
69.699, 153, 357, 216, 388
69.6916, 57, 297, 88, 360
69.5973, 49, 161, 112, 192
69.5899, 1, 237, 128, 268
69.5899, 217, 289, 280, 352
69.5899, 43, 177, 58, 304
69.5862, 65, 193, 96, 320
69.3644, 241, 205, 300, 236
69.2516, 209, 333, 272, 364
69.0187, 137, 313, 168, 376
69.015, 161, 201, 192, 264
69.0113, 57, 317, 120, 348
68.9096, 1, 217, 128, 280
68.7858, 217, 209, 280, 336
68.6804, 85, 265, 116, 328
68.575, 257, 225, 288, 352
68.5713, 97, 165, 160, 196
68.3347, 45, 145, 76, 272
68.2514, 105, 249, 136, 312
68.1276, 225, 225, 240, 352
68.0185, 205, 313, 236, 376
68.0074, 25, 225, 56, 352
67.891, 33, 261, 96, 292
67.7856, 233, 289, 264, 352
67.7819, 269, 225, 300, 352
67.6728, 39, 257, 54, 384
67.56, 169, 305, 232, 336
67.462, 121, 273, 184, 304
67.1163, 225, 313, 288, 344
66.9019, 37, 161, 52, 288
66.8834, 33, 133, 96, 164
66.778, 49, 1, 176, 32
66.7706, 175, 273, 190, 400
66.4471, 233, 169, 296, 232
66.2068, 197, 193, 212, 320
66.1235, 201, 185, 232, 248
66.1051, 285, 209, 300, 336
65.8869, 233, 209, 248, 336
65.8722, 107, 273, 122, 400
65.7889, 217, 1, 280, 32
65.7594, 55, 145, 70, 272
65.6614, 265, 113, 296, 240
65.6466, 189, 257, 220, 320
65.5523, 213, 161, 244, 288
65.5449, 241, 117, 300, 148
65.5302, 25, 241, 88, 272
65.4395, 111, 193, 126, 320
65.4321, 97, 97, 160, 128
65.312, 257, 265, 288, 328
65.2251, 57, 181, 120, 212
65.2103, 265, 97, 280, 224
65.0975, 123, 273, 138, 400
64.9884, 129, 317, 256, 348
64.9848, 233, 177, 296, 208
64.7666, 113, 177, 144, 240
64.5484, 57, 153, 120, 216
64.5226, 69, 257, 100, 320
64.4283, 109, 129, 140, 192
64.4135, 189, 129, 220, 192
64.3081, 257, 225, 272, 352
64.2971, 49, 249, 80, 312
64.199, 97, 289, 128, 352
64.1695, 109, 57, 140, 120
64.0678, 161, 153, 192, 216
63.992, 21, 161, 52, 224
63.9735, 109, 65, 140, 192
63.9698, 33, 281, 64, 344
63.9661, 201, 349, 264, 380
63.9661, 189, 193, 220, 320
63.9587, 33, 121, 96, 152
63.6315, 33, 145, 96, 176
63.5261, 225, 189, 288, 220
63.5224, 261, 113, 292, 176
63.4207, 25, 333, 88, 364
63.1841, 217, 313, 280, 376
63.1841, 117, 81, 132, 208
62.3004, 277, 129, 292, 256
62.293, 257, 241, 288, 304
62.1876, 245, 129, 276, 192
61.9694, 57, 193, 120, 224
61.9621, 37, 201, 68, 264
61.7254, 1, 169, 128, 232
61.6237, 241, 137, 300, 200
61.4093, 57, 177, 120, 240
61.2744, 61, 225, 76, 352
61.1616, 275, 225, 290, 352
60.9397, 45, 225, 60, 352
60.8307, 217, 313, 248, 376
60.7142, 267, 209, 282, 336
60.2705, 13, 225, 44, 352
60.0597, 57, 137, 88, 200
60.0339, 25, 217, 88, 280
59.7177, 77, 193, 108, 320
59.6992, 125, 289, 156, 352
59.5902, 153, 345, 216, 376
59.3905, 109, 321, 140, 384
59.3683, 73, 129, 104, 384
59.3572, 177, 149, 240, 180
59.1428, 209, 105, 240, 168
58.4735, 229, 161, 244, 288
58.3312, 89, 77, 152, 108
58.2517, 223, 273, 238, 400
57.9207, 49, 209, 112, 272
57.9097, 211, 97, 226, 224
57.808, 49, 213, 112, 244
57.7969, 225, 153, 256, 216
57.673, 25, 173, 88, 204
57.5787, 81, 61, 144, 92
57.1313, 105, 261, 168, 292
57.1276, 253, 113, 284, 240
56.9927, 89, 57, 152, 120
56.5638, 217, 193, 248, 256
56.1238, 121, 49, 184, 80
55.8982, 93, 65, 124, 128
55.8872, 189, 233, 220, 296
55.7818, 273, 177, 288, 304
55.6764, 13, 209, 44, 272
55.6653, 25, 233, 56, 296
55.6579, 269, 177, 300, 304
55.5673, 57, 145, 88, 272
55.2179, 111, 81, 126, 208
54.9997, 15, 193, 30, 320
54.7705, 253, 177, 268, 304
54.654, 125, 313, 156, 376
54.545, 81, 97, 144, 224
54.4359, 285, 145, 300, 272
54.4285, 49, 225, 80, 288
54.0902, 21, 281, 52, 344
53.8646, 89, 209, 104, 336
53.6649, 57, 233, 120, 264
53.432, 57, 177, 88, 240
53.1991, 129, 97, 192, 128
53.0752, 185, 81, 200, 208
52.9735, 113, 273, 144, 336
52.8718, 255, 129, 270, 256
52.7443, 75, 225, 90, 352
52.4171, 175, 97, 190, 224
52.0824, 93, 241, 124, 304
51.9623, 269, 193, 300, 256
51.7294, 189, 129, 220, 256
51.5223, 81, 193, 96, 320
51.5075, 211, 225, 226, 352
51.2857, 219, 209, 234, 336
51.1766, 97, 193, 112, 320
51.0786, 77, 233, 108, 296
50.9547, 121, 337, 152, 400
50.9473, 189, 153, 220, 216
50.6164, 285, 97, 300, 224
50.3798, 123, 81, 138, 208
50.2818, 257, 217, 288, 280
50.1764, 61, 129, 76, 256
49.9509, 213, 145, 228, 272
49.7069, 161, 177, 192, 240
49.6162, 233, 133, 296, 164
49.4961, 129, 109, 192, 140
49.1578, 269, 225, 300, 288
49.045, 179, 225, 194, 352
48.2556, 67, 225, 82, 352
48.0448, 57, 201, 88, 264
47.8119, 213, 161, 244, 224
47.7028, 241, 165, 300, 196
47.4736, 257, 193, 288, 256
47.1389, 261, 177, 276, 304
47.0114, 13, 233, 44, 296
46.5862, 121, 145, 136, 272
45.9965, 25, 189, 88, 220
45.5712, 89, 97, 120, 160
45.5601, 279, 177, 294, 304
45.4584, 81, 121, 144, 152
45.4474, 97, 321, 128, 384
45.44, 25, 221, 88, 252
45.2329, 89, 177, 120, 304
44.6764, 233, 153, 296, 184
44.2253, 17, 185, 48, 248
44.1163, 271, 129, 286, 256
43.4175, 25, 193, 88, 256
43.3195, 97, 137, 128, 200
43.2141, 257, 137, 288, 200
43.1013, 101, 161, 132, 288
42.9922, 269, 137, 300, 200
42.8795, 185, 193, 200, 320
42.861, 185, 177, 216, 240
42.6281, 25, 201, 88, 232
42.5411, 81, 153, 144, 184
42.1991, 115, 129, 130, 256
41.7517, 25, 209, 56, 272
41.6279, 1, 173, 128, 204
41.2859, 33, 153, 96, 216
40.9587, 81, 141, 144, 172
40.5002, 185, 209, 216, 272
39.6091, 81, 129, 144, 192
39.1765, 91, 161, 106, 288
38.8381, 101, 217, 132, 280
38.718, 105, 81, 120, 208
38.4961, 109, 129, 124, 256
38.0598, 67, 177, 82, 304
37.5903, 97, 97, 128, 224
36.3756, 73, 177, 88, 304
36.1353, 183, 129, 198, 256
35.6953, 85, 129, 116, 192
35.4624, 73, 1, 136, 32
34.342, 81, 261, 144, 292
34.0037, 257, 169, 288, 232
33.3345, 81, 245, 144, 276
32.3269, 179, 177, 194, 304
32.2178, 97, 5, 224, 36
31.9849, 103, 129, 118, 256
31.654, 85, 81, 116, 208
31.6503, 101, 193, 132, 256
30.639, 269, 169, 300, 232
30.5263, 99, 81, 114, 208
30.4172, 101, 169, 132, 232
29.6315, 81, 109, 144, 140
29.0713, 85, 129, 116, 256
26.7179, 193, 9, 256, 40
26.4886, 97, 129, 112, 256
23.4585, 85, 177, 116, 240
23.3458, 105, 5, 168, 36
22.891, 73, 165, 136, 196
21.7744, 81, 73, 112, 136
21.3307, 81, 209, 112, 272
18.7517, 145, 9, 208, 40
18.6315, 81, 153, 112, 216
18.2969, 93, 81, 108, 208
17.9623, 73, 81, 104, 208
17.0638, 77, 105, 108, 168
13.5826, 71, 81, 86, 208
10.9999, 87, 81, 102, 208
10.9963, 73, 145, 104, 272
10.9926, 69, 73, 100, 136
8.19173, 77, 81, 92, 208
7.63156, 71, 129, 86, 256
6.95862, 79, 145, 94, 272
6.51123, 85, 129, 100, 256
5.95106, 169, 9, 232, 40
