2821
294.028, 121, 17, 152, 144
276.276, 161, 89, 288, 152
261.969, 121, 17, 184, 144
259.161, 113, 17, 240, 144
251.377, 217, 89, 280, 152
249.521, 121, 17, 184, 80
249.074, 161, 33, 288, 160
247.292, 217, 33, 280, 160
246.611, 113, 81, 240, 144
242.807, 113, 17, 240, 48
241.428, 261, 33, 276, 160
241.3, 113, 17, 240, 80
240.442, 245, 33, 276, 160
240.326, 145, 33, 208, 160
237.867, 145, 33, 176, 160
237.22, 123, 1, 138, 128
236.671, 245, 89, 276, 152
234.608, 165, 33, 196, 160
231.33, 161, 33, 288, 96
231.119, 145, 17, 176, 80
230.942, 121, 17, 152, 80
229.672, 121, 81, 184, 144
229.315, 157, 17, 188, 80
228.834, 113, 41, 240, 72
226.281, 169, 33, 232, 160
225.998, 259, 89, 274, 152
222.262, 121, 17, 184, 48
221.258, 161, 113, 288, 144
221.086, 145, 25, 208, 88
220.909, 175, 17, 190, 80
220.337, 261, 33, 276, 96
219.006, 147, 33, 162, 160
219.003, 177, 33, 192, 160
218.548, 181, 81, 212, 144
218.533, 193, 33, 256, 160
218.108, 145, 49, 176, 80
217.638, 219, 33, 234, 160
217.402, 113, 45, 176, 76
217.387, 65, 81, 320, 144
217.111, 121, 17, 152, 48
216.925, 113, 49, 240, 112
216.736, 177, 33, 208, 160
216.067, 145, 17, 160, 80
215.736, 121, 41, 184, 56
214.273, 153, 17, 168, 80
213.95, 137, 49, 200, 80
213.149, 221, 33, 252, 160
212.63, 153, 81, 184, 144
212.014, 255, 33, 270, 160
210.232, 225, 33, 240, 160
209.898, 193, 33, 224, 160
209.89, 249, 33, 280, 96
209.679, 153, 81, 216, 144
209.552, 169, 1, 184, 128
209.097, 185, 73, 216, 88
208.494, 121, 45, 152, 76
207.54, 129, 61, 192, 92
207.394, 113, 61, 240, 92
206.671, 191, 89, 206, 152
206.326, 123, 17, 138, 48
206.27, 121, 41, 184, 104
206.209, 159, 33, 174, 160
205.958, 177, 33, 240, 96
205.135, 173, 49, 204, 112
204.984, 201, 75, 264, 90
204.841, 185, 33, 216, 96
204.54, 135, 17, 150, 144
204.198, 147, 49, 162, 80
204.183, 177, 61, 240, 92
203.51, 157, 49, 188, 80
203.146, 183, 33, 198, 160
202.845, 121, 105, 184, 136
202.27, 129, 123, 192, 138
202.201, 217, 117, 280, 148
201.386, 187, 33, 202, 96
200.345, 189, 33, 204, 160
200.229, 183, 81, 198, 144
199.134, 113, 81, 240, 112
199.086, 169, 25, 200, 88
198.803, 185, 89, 248, 152
198.788, 205, 33, 220, 160
198.417, 161, 1, 224, 300
197.428, 113, 33, 176, 64
197.337, 137, 53, 200, 68
197.097, 231, 33, 246, 160
196.57, 217, 131, 280, 146
196.54, 165, 17, 180, 80
193.965, 165, 21, 196, 52
193.815, 209, 1, 240, 128
193.616, 153, 1, 168, 128
193.409, 129, 73, 192, 88
193.398, 159, 17, 174, 80
193.019, 65, 17, 320, 144
192.86, 125, 119, 156, 134
192.142, 129, 1, 192, 300
192.081, 161, 85, 288, 116
192.059, 199, 33, 214, 160
192.044, 165, 61, 196, 92
192.022, 113, 29, 240, 60
191.684, 209, 49, 240, 176
191.623, 209, 33, 272, 96
191.608, 153, 125, 216, 140
191.048, 249, 83, 280, 98
191.015, 233, 1, 264, 128
190.149, 129, 65, 192, 80
190.138, 265, 21, 280, 52
189.796, 211, 33, 226, 160
189.221, 249, 49, 264, 176
189.018, 189, 61, 220, 92
188.916, 113, 109, 240, 140
187.508, 1, 1, 400, 128
187.326, 241, 33, 256, 160
186.567, 121, 81, 152, 144
186.519, 141, 17, 156, 144
186.3, 145, 41, 176, 104
186.254, 169, 81, 184, 144
185.664, 177, 29, 240, 44
185.588, 121, 41, 152, 104
184.838, 161, 49, 192, 112
184.326, 187, 57, 202, 88
184.224, 213, 89, 244, 152
183.943, 1, 17, 400, 80
183.732, 161, 61, 288, 92
183.15, 145, 37, 208, 68
182.503, 129, 1, 256, 300
182.165, 113, 57, 176, 72
181.63, 161, 39, 192, 54
181.438, 121, 53, 152, 68
181.113, 153, 49, 216, 112
180.943, 165, 81, 196, 144
180.924, 225, 21, 288, 52
180.811, 177, 81, 192, 144
179.935, 193, 89, 224, 152
179.735, 215, 89, 230, 152
179.553, 113, 65, 240, 192
179.371, 177, 29, 240, 60
179.124, 153, 61, 216, 92
179.029, 137, 59, 200, 74
178.946, 121, 21, 184, 36
178.931, 121, 81, 184, 112
178.732, 217, 85, 280, 116
178.513, 123, 17, 138, 80
178.33, 177, 73, 240, 88
178.066, 245, 117, 276, 148
177.894, 249, 29, 280, 60
177.691, 177, 17, 240, 48
177.436, 185, 1, 248, 300
177.142, 161, 75, 192, 90
177.062, 121, 59, 152, 74
176.687, 255, 33, 270, 96
176.469, 125, 105, 156, 136
176.21, 209, 1, 272, 300
175.676, 187, 73, 202, 88
175.635, 161, 65, 288, 128
175.33, 263, 47, 278, 62
175.33, 249, 81, 280, 112
175.217, 263, 9, 278, 72
174.973, 181, 41, 212, 72
174.522, 177, 49, 208, 64
174.417, 265, 21, 280, 36
174.395, 233, 49, 264, 176
174.078, 153, 67, 216, 82
174.01, 121, 85, 184, 100
173.86, 175, 49, 190, 112
173.518, 165, 33, 196, 64
173.413, 113, 51, 176, 66
173.413, 145, 17, 208, 48
173.285, 177, 21, 304, 52
173.187, 161, 1, 192, 256
173.078, 165, 51, 196, 66
172.958, 169, 49, 184, 176
172.845, 217, 83, 280, 98
172.5, 133, 17, 164, 144
172.274, 137, 1, 200, 256
172.22, 121, 43, 152, 58
172.202, 175, 41, 190, 56
172.041, 169, 49, 200, 80
171.882, 121, 21, 152, 36
171.819, 173, 41, 204, 56
171.758, 161, 49, 176, 80
171.522, 179, 101, 194, 116
171.3, 121, 109, 184, 124
170.717, 261, 57, 276, 88
170.499, 133, 17, 164, 80
170.47, 247, 1, 262, 128
170.409, 229, 77, 260, 92
170.39, 185, 17, 216, 48
170.285, 165, 125, 196, 140
170.168, 211, 33, 226, 96
170.044, 147, 49, 162, 112
169.63, 127, 119, 142, 134
169.615, 185, 127, 216, 142
169.251, 189, 79, 220, 94
169.251, 177, 79, 240, 94
168.804, 161, 9, 288, 72
168.702, 169, 9, 232, 72
168.495, 175, 49, 190, 80
168.469, 201, 65, 264, 96
168.405, 161, 81, 176, 144
168.397, 209, 75, 240, 90
168.345, 169, 41, 232, 72
168.273, 173, 113, 204, 144
168.247, 259, 21, 274, 52
168.081, 121, 65, 152, 80
167.965, 121, 57, 152, 88
167.935, 181, 9, 212, 72
167.924, 141, 123, 172, 138
167.913, 169, 49, 232, 64
167.83, 185, 29, 216, 44
167.68, 177, 67, 240, 82
167.623, 259, 117, 274, 148
167.604, 121, 33, 152, 64
167.506, 245, 131, 276, 146
167.465, 177, 21, 240, 36
167.44, 245, 19, 276, 34
167.236, 197, 33, 228, 96
166.778, 153, 73, 216, 88
166.262, 259, 133, 274, 148
165.992, 225, 21, 288, 36
165.781, 145, 81, 160, 144
165.454, 249, 57, 280, 88
165.443, 261, 77, 276, 108
165.436, 145, 39, 208, 54
165.345, 185, 67, 216, 82
165.323, 97, 33, 352, 96
165.228, 133, 17, 148, 48
164.567, 187, 43, 202, 58
164.446, 137, 17, 152, 80
164.398, 105, 57, 168, 88
164.334, 209, 33, 240, 96
163.872, 201, 33, 216, 96
163.672, 197, 89, 212, 152
163.668, 245, 33, 260, 96
163.326, 173, 61, 188, 92
163.126, 221, 89, 236, 152
162.439, 125, 81, 140, 144
162.224, 129, 17, 144, 144
162.067, 181, 17, 196, 48
162.052, 1, 41, 400, 104
161.86, 141, 81, 172, 144
161.781, 161, 101, 288, 132
161.612, 181, 57, 196, 120
161.413, 237, 33, 268, 96
161.191, 187, 17, 202, 48
160.853, 201, 61, 232, 92
160.755, 225, 33, 256, 96
160.714, 165, 73, 196, 104
160.405, 121, 99, 184, 114
160.318, 123, 21, 138, 36
159.973, 261, 83, 276, 98
159.488, 121, 79, 184, 94
158.917, 153, 49, 168, 176
158.856, 155, 81, 170, 144
158.634, 227, 89, 242, 152
158.172, 209, 81, 224, 144
158.135, 177, 79, 208, 94
157.913, 161, 45, 288, 76
157.845, 223, 33, 238, 96
157.811, 121, 1, 152, 256
157.797, 261, 71, 276, 86
157.556, 177, 65, 208, 96
157.455, 199, 73, 214, 88
157.273, 145, 51, 176, 66
156.996, 105, 73, 168, 88
156.92, 145, 61, 176, 76
156.556, 185, 57, 216, 120
156.458, 201, 19, 264, 34
156.236, 185, 41, 216, 56
156.16, 211, 75, 226, 90
156.011, 185, 81, 216, 112
156.011, 161, 81, 288, 208
155.756, 105, 67, 168, 82
155.597, 125, 105, 140, 136
155.585, 175, 21, 190, 52
155.585, 141, 109, 172, 140
155.56, 169, 61, 200, 76
155.138, 153, 123, 184, 138
155.112, 233, 21, 264, 52
155.105, 173, 69, 204, 84
154.578, 143, 17, 158, 48
154.559, 169, 49, 184, 80
154.232, 121, 93, 184, 124
154.214, 177, 59, 240, 74
153.901, 177, 113, 192, 144
153.89, 207, 61, 222, 92
153.879, 217, 19, 248, 34
153.683, 217, 89, 280, 104
153.526, 145, 67, 176, 82
153.483, 121, 71, 152, 86
153.319, 179, 77, 194, 108
153.225, 177, 41, 240, 56
153.123, 229, 33, 244, 96
153.003, 187, 29, 202, 44
152.999, 203, 89, 218, 152
152.966, 249, 17, 280, 48
152.842, 97, 57, 352, 120
152.683, 243, 77, 258, 92
152.683, 225, 89, 256, 152
152.668, 175, 51, 190, 66
152.566, 121, 107, 152, 122
152.402, 261, 65, 276, 128
152.348, 121, 89, 152, 120
152.188, 263, 41, 278, 56
151.77, 199, 127, 214, 142
151.642, 229, 65, 260, 96
151.627, 195, 33, 210, 96
151.376, 105, 69, 168, 100
151.304, 187, 41, 202, 72
151.289, 121, 31, 184, 46
151.198, 139, 81, 154, 144
150.958, 177, 33, 192, 64
150.733, 261, 53, 276, 68
150.616, 159, 41, 174, 104
150.311, 141, 17, 172, 48
150.172, 169, 41, 184, 104
150.093, 155, 17, 170, 48
150.063, 249, 9, 280, 72
150.052, 145, 61, 176, 92
149.987, 245, 89, 260, 152
149.856, 161, 67, 192, 82
149.714, 145, 77, 208, 108
149.638, 225, 29, 288, 44
149.289, 169, 125, 184, 140
149.063, 185, 21, 216, 36
149.034, 113, 117, 176, 132
149.023, 121, 65, 184, 192
148.925, 229, 19, 260, 34
148.838, 161, 113, 224, 144
148.808, 257, 19, 272, 34
148.808, 153, 37, 184, 68
148.721, 165, 33, 196, 48
148.721, 263, 45, 278, 76
148.703, 263, 33, 278, 64
148.575, 97, 17, 160, 80
148.357, 197, 73, 228, 88
148.191, 233, 89, 248, 152
148.081, 251, 89, 266, 152
148.07, 239, 33, 254, 96
148.03, 145, 75, 176, 90
148.03, 185, 29, 200, 60
147.928, 189, 81, 204, 112
147.728, 139, 121, 154, 136
147.725, 217, 33, 232, 96
147.616, 161, 123, 176, 138
147.59, 227, 19, 242, 34
147.484, 155, 45, 170, 76
147.459, 249, 69, 280, 100
147.39, 177, 127, 240, 142
147.375, 217, 81, 280, 208
147.259, 263, 29, 278, 44
147.165, 177, 125, 192, 140
147.066, 239, 89, 254, 152
146.924, 173, 33, 204, 288
146.902, 137, 47, 200, 62
146.277, 147, 109, 162, 140
146.244, 181, 33, 196, 96
146.236, 187, 57, 202, 120
146.146, 193, 127, 208, 142
146.138, 185, 29, 216, 60
145.891, 251, 19, 266, 34
145.858, 267, 1, 282, 128
145.684, 185, 81, 248, 208
145.495, 255, 83, 270, 98
145.454, 245, 81, 276, 208
145.443, 97, 1, 160, 128
145.36, 151, 123, 166, 138
145.244, 201, 61, 216, 92
144.891, 227, 21, 242, 52
144.793, 249, 71, 280, 86
144.763, 65, 49, 192, 80
144.68, 221, 81, 236, 208
144.301, 97, 1, 224, 256
144.21, 245, 19, 260, 34
143.876, 237, 19, 252, 34
143.214, 185, 81, 216, 208
143.112, 165, 19, 196, 34
142.999, 145, 19, 208, 34
142.887, 149, 41, 180, 56
142.887, 213, 65, 244, 96
142.763, 185, 59, 216, 74
142.752, 141, 33, 172, 64
142.643, 145, 1, 272, 256
142.548, 229, 81, 244, 208
142.545, 195, 61, 210, 92
142.537, 1, 41, 256, 104
142.53, 221, 21, 252, 52
142.424, 141, 1, 172, 256
142.349, 233, 25, 248, 56
142.323, 221, 81, 252, 208
142.312, 169, 35, 232, 50
142.071, 65, 17, 192, 80
141.995, 183, 127, 198, 142
141.916, 121, 101, 152, 116
141.755, 243, 81, 258, 208
141.694, 121, 69, 152, 100
141.286, 261, 77, 276, 92
141.199, 235, 81, 250, 208
140.977, 185, 53, 200, 68
140.86, 185, 59, 200, 74
140.766, 197, 129, 228, 144
140.748, 161, 109, 192, 140
140.711, 267, 49, 282, 176
140.657, 185, 9, 200, 72
140.526, 185, 21, 200, 36
140.435, 247, 129, 262, 256
140.406, 153, 79, 216, 94
140.3, 121, 113, 152, 128
140.285, 161, 125, 288, 156
140.202, 171, 109, 186, 140
140.097, 169, 51, 184, 66
139.86, 243, 65, 258, 96
139.77, 183, 113, 198, 144
139.744, 165, 41, 180, 56
139.725, 189, 81, 204, 208
139.718, 209, 1, 272, 256
139.627, 215, 81, 230, 208
139.42, 185, 113, 216, 144
139.405, 209, 17, 240, 48
139.198, 187, 67, 202, 82
139.067, 49, 41, 176, 104
138.707, 177, 65, 240, 128
138.586, 161, 73, 288, 104
138.503, 191, 79, 206, 94
138.5, 143, 29, 158, 60
138.413, 149, 17, 164, 48
138.394, 189, 53, 220, 68
138.387, 205, 19, 236, 34
138.281, 221, 19, 236, 34
138.248, 97, 41, 160, 104
138.169, 269, 49, 284, 112
138.161, 181, 45, 196, 60
137.95, 121, 35, 152, 50
137.947, 193, 17, 208, 48
137.939, 201, 29, 264, 60
137.553, 1, 65, 400, 128
136.717, 133, 121, 148, 136
136.499, 151, 69, 166, 100
136.255, 201, 81, 216, 96
136.179, 217, 75, 232, 90
136.041, 181, 113, 196, 240
135.95, 145, 121, 160, 136
135.946, 175, 21, 190, 36
135.677, 181, 35, 212, 50
135.492, 141, 109, 156, 140
135.436, 249, 47, 280, 62
135.331, 161, 45, 192, 60
135.262, 205, 129, 220, 144
135.127, 193, 19, 208, 34
135.127, 239, 21, 254, 52
135.048, 121, 29, 152, 44
135.029, 225, 1, 352, 128
134.906, 181, 45, 196, 76
134.848, 121, 77, 152, 92
134.774, 153, 41, 168, 104
134.225, 221, 21, 236, 52
134, 271, 45, 286, 60
133.857, 249, 57, 280, 120
133.665, 161, 81, 224, 208
133.454, 193, 49, 256, 80
133.436, 233, 1, 264, 256
133.371, 193, 129, 256, 256
133.225, 177, 33, 192, 48
132.865, 181, 105, 196, 168
132.861, 249, 45, 280, 76
132.8, 153, 17, 184, 48
132.792, 123, 37, 138, 68
132.778, 157, 61, 188, 76
132.77, 209, 29, 240, 60
132.443, 161, 33, 288, 64
132.206, 89, 45, 152, 76
132.199, 153, 33, 168, 64
132.166, 257, 1, 288, 128
132.116, 179, 89, 194, 120
132.083, 269, 25, 284, 88
131.977, 173, 85, 204, 116
131.924, 121, 95, 152, 110
131.785, 145, 57, 160, 72
131.766, 197, 81, 228, 208
131.639, 113, 1, 176, 256
131.556, 113, 97, 240, 128
131.421, 89, 57, 152, 72
131.301, 197, 67, 228, 82
131.214, 221, 65, 236, 96
131.108, 145, 63, 160, 78
131.101, 197, 17, 228, 48
130.901, 241, 129, 256, 256
130.544, 145, 51, 160, 66
130.508, 169, 77, 232, 108
130.319, 121, 93, 184, 108
130.315, 269, 53, 284, 84
130.206, 169, 113, 200, 240
130.177, 263, 35, 278, 50
130.123, 253, 129, 268, 256
130.108, 167, 25, 182, 56
129.992, 225, 75, 240, 90
129.871, 169, 33, 232, 288
129.827, 205, 73, 220, 88
129.541, 233, 33, 296, 96
129.515, 245, 21, 260, 52
129.308, 249, 29, 280, 44
129.191, 169, 85, 232, 100
128.74, 271, 25, 286, 56
128.733, 203, 19, 218, 34
128.518, 215, 17, 230, 48
128.518, 215, 65, 230, 96
128.417, 163, 75, 178, 90
128.417, 153, 109, 168, 140
128.402, 225, 9, 288, 72
128.311, 181, 129, 212, 256
128.263, 169, 105, 200, 168
128.169, 145, 61, 160, 92
128.06, 201, 17, 264, 48
127.823, 181, 65, 196, 96
127.819, 193, 121, 224, 184
127.579, 145, 33, 208, 48
127.431, 217, 125, 280, 140
127.365, 65, 61, 192, 92
127.154, 253, 21, 268, 52
127.147, 249, 41, 280, 56
127.03, 105, 1, 168, 300
126.954, 175, 75, 190, 90
126.939, 215, 19, 230, 34
126.819, 195, 81, 210, 208
126.805, 97, 43, 160, 58
126.714, 137, 37, 152, 68
126.579, 65, 1, 192, 128
126.525, 255, 57, 270, 88
126.387, 205, 17, 220, 48
126.059, 161, 27, 192, 42
126.019, 97, 9, 352, 72
125.932, 209, 81, 224, 208
125.83, 193, 51, 256, 66
125.801, 271, 51, 286, 66
125.751, 217, 95, 280, 110
125.725, 245, 89, 276, 104
125.692, 181, 39, 196, 54
125.638, 245, 93, 276, 124
125.542, 169, 1, 200, 64
125.375, 271, 37, 286, 52
125.211, 145, 1, 208, 64
125.183, 221, 137, 236, 200
125.179, 193, 129, 224, 256
125.172, 187, 129, 202, 256
125.059, 161, 17, 176, 48
124.958, 123, 41, 138, 56
124.917, 203, 81, 218, 208
124.91, 187, 35, 202, 50
124.845, 207, 129, 222, 256
124.83, 233, 61, 248, 92
124.789, 241, 17, 304, 144
124.728, 161, 129, 224, 256
124.684, 193, 49, 208, 64
124.654, 33, 65, 288, 192
124.51, 229, 129, 260, 256
124.372, 171, 113, 186, 240
124.255, 145, 73, 160, 88
124.105, 249, 53, 280, 68
123.943, 241, 129, 272, 256
123.895, 165, 81, 196, 96
123.789, 193, 73, 208, 88
123.786, 89, 51, 152, 66
123.68, 199, 17, 214, 48
123.673, 271, 37, 286, 68
123.491, 197, 129, 212, 256
123.233, 201, 45, 264, 60
123.149, 227, 61, 242, 92
123.048, 209, 129, 240, 256
123.026, 169, 115, 200, 130
123.022, 145, 41, 160, 56
122.902, 145, 73, 176, 104
122.891, 201, 81, 232, 96
122.819, 261, 93, 276, 124
122.684, 161, 85, 192, 116
122.469, 175, 57, 190, 72
122.465, 193, 9, 256, 72
122.21, 65, 73, 192, 136
122.116, 269, 73, 284, 88
122.116, 207, 81, 222, 96
122.033, 189, 113, 204, 144
121.891, 189, 47, 220, 62
121.804, 237, 77, 252, 92
121.68, 209, 27, 240, 42
121.68, 165, 113, 180, 240
121.523, 161, 9, 288, 40
121.465, 211, 129, 226, 144
121.465, 213, 117, 244, 148
121.462, 123, 29, 138, 44
121.443, 167, 61, 182, 92
121.192, 249, 77, 280, 92
121.134, 129, 113, 160, 240
120.548, 217, 45, 232, 76
120.526, 145, 27, 208, 42
120.458, 145, 129, 208, 192
120.349, 217, 129, 280, 256
120.326, 185, 33, 216, 288
120.101, 197, 33, 228, 64
119.977, 209, 19, 224, 34
119.962, 267, 73, 282, 104
119.955, 65, 29, 192, 60
119.857, 217, 137, 280, 152
119.792, 135, 113, 150, 240
119.744, 1, 17, 256, 80
119.668, 175, 63, 190, 78
119.668, 197, 9, 212, 72
119.665, 253, 81, 268, 112
119.661, 193, 9, 224, 72
119.642, 221, 49, 252, 80
119.624, 217, 65, 280, 128
119.493, 181, 105, 212, 168
119.293, 97, 65, 160, 128
119.158, 97, 121, 224, 152
119.075, 225, 15, 288, 30
119.071, 259, 81, 274, 208
119.064, 201, 117, 216, 148
118.868, 197, 41, 228, 56
118.744, 197, 59, 228, 74
118.726, 161, 113, 176, 144
118.42, 157, 113, 188, 240
118.213, 209, 129, 240, 144
118.195, 207, 9, 222, 72
118.112, 221, 137, 252, 200
118.082, 151, 71, 166, 86
117.857, 265, 49, 296, 112
117.729, 179, 81, 194, 96
117.551, 213, 129, 228, 256
117.511, 225, 33, 288, 64
117.409, 213, 69, 244, 84
117.245, 113, 105, 240, 168
117.187, 231, 75, 246, 90
117.147, 121, 117, 184, 148
116.962, 213, 63, 244, 78
116.962, 193, 33, 208, 64
116.947, 199, 67, 214, 82
116.943, 211, 29, 226, 60
116.849, 179, 115, 194, 130
116.74, 181, 85, 212, 100
116.646, 123, 57, 138, 120
116.612, 209, 129, 224, 192
116.23, 33, 105, 288, 168
116.082, 205, 137, 236, 168
116.037, 185, 79, 200, 94
116.034, 205, 67, 220, 82
116.03, 203, 65, 218, 128
115.943, 145, 115, 208, 130
115.819, 241, 85, 304, 100
115.755, 221, 129, 236, 256
115.699, 133, 49, 164, 80
115.67, 257, 49, 288, 176
115.612, 269, 67, 284, 82
115.383, 193, 43, 208, 58
115.3, 261, 95, 276, 110
115.292, 145, 129, 272, 256
115.165, 219, 27, 234, 42
114.913, 225, 65, 288, 96
114.747, 245, 125, 276, 140
114.699, 141, 49, 156, 80
114.695, 81, 69, 144, 84
114.616, 131, 17, 146, 80
114.492, 217, 5, 280, 36
114.459, 225, 77, 288, 92
114.387, 125, 113, 140, 128
114.259, 201, 69, 264, 84
114.165, 249, 95, 280, 110
114.154, 159, 113, 174, 240
114.067, 231, 129, 246, 256
114.052, 193, 85, 256, 116
114.041, 123, 35, 138, 50
113.623, 121, 83, 152, 98
113.553, 245, 1, 276, 256
113.466, 225, 49, 240, 80
113.375, 215, 117, 230, 148
113.27, 137, 129, 200, 256
113.146, 263, 59, 278, 74
113.048, 217, 137, 232, 168
113.015, 81, 61, 144, 92
112.95, 217, 97, 280, 128
112.902, 81, 75, 144, 90
112.891, 141, 81, 172, 208
112.717, 97, 129, 224, 192
112.688, 193, 133, 224, 164
112.673, 195, 117, 210, 148
112.651, 269, 27, 284, 42
112.556, 89, 33, 152, 64
112.484, 257, 9, 272, 72
112.462, 137, 41, 168, 56
112.458, 33, 73, 160, 104
112.44, 271, 57, 286, 72
112.327, 211, 67, 226, 82
112.244, 101, 25, 132, 56
112.24, 201, 63, 264, 78
112.24, 233, 49, 264, 80
112.138, 245, 5, 276, 36
111.928, 169, 129, 200, 192
111.917, 255, 71, 270, 86
111.789, 225, 35, 288, 50
111.545, 165, 37, 180, 68
111.44, 209, 41, 240, 72
111.436, 81, 63, 144, 78
111.432, 175, 105, 190, 168
111.421, 257, 23, 288, 38
111.323, 169, 121, 232, 184
111.316, 193, 65, 208, 128
111.225, 223, 33, 238, 64
111.207, 187, 69, 202, 100
111.135, 225, 85, 256, 116
111.018, 153, 41, 168, 56
110.883, 157, 65, 172, 96
110.785, 159, 41, 174, 56
110.782, 213, 9, 228, 72
110.698, 153, 97, 184, 128
110.687, 185, 137, 248, 168
110.684, 123, 89, 138, 120
110.523, 201, 1, 232, 256
110.473, 121, 129, 184, 192
110.454, 175, 69, 190, 84
110.425, 263, 15, 278, 30
110.334, 193, 49, 224, 80
110.196, 261, 65, 276, 80
109.996, 193, 87, 256, 102
109.803, 125, 107, 140, 122
109.792, 141, 113, 156, 240
109.774, 205, 133, 220, 164
109.767, 231, 49, 246, 80
109.748, 221, 1, 252, 256
109.454, 157, 113, 188, 128
109.293, 137, 105, 200, 168
109.181, 141, 65, 156, 192
109.112, 175, 27, 190, 42
109.014, 121, 89, 152, 104
109.003, 113, 133, 240, 164
108.999, 145, 133, 208, 164
108.996, 169, 75, 184, 90
108.962, 267, 73, 282, 136
108.879, 113, 25, 128, 56
108.875, 265, 73, 296, 104
108.872, 81, 115, 144, 130
108.857, 159, 29, 174, 60
108.781, 211, 29, 226, 44
108.781, 181, 129, 196, 192
108.672, 113, 113, 176, 240
108.635, 225, 41, 288, 56
108.155, 105, 123, 168, 138
108.108, 209, 41, 224, 56
108.108, 191, 9, 206, 72
108.101, 163, 51, 178, 66
107.955, 265, 9, 280, 40
107.868, 165, 101, 196, 116
107.781, 73, 65, 136, 128
107.751, 157, 129, 188, 160
107.665, 129, 113, 144, 240
107.646, 209, 33, 336, 96
107.439, 225, 117, 256, 148
107.221, 259, 129, 274, 256
107.075, 205, 37, 220, 68
106.882, 189, 137, 204, 200
106.816, 177, 1, 304, 300
106.733, 209, 57, 240, 72
106.703, 81, 1, 208, 300
106.661, 145, 129, 176, 192
106.657, 269, 81, 300, 144
106.613, 133, 49, 164, 112
106.605, 65, 17, 192, 48
106.533, 153, 137, 216, 152
106.376, 97, 21, 160, 52
106.289, 171, 81, 186, 112
106.176, 265, 25, 296, 88
106.169, 181, 15, 212, 30
105.984, 157, 129, 188, 192
105.966, 269, 33, 300, 160
105.932, 129, 125, 160, 140
105.875, 73, 89, 136, 120
105.812, 165, 9, 196, 40
105.812, 65, 49, 192, 176
105.808, 197, 65, 228, 128
105.744, 177, 139, 240, 154
105.736, 153, 113, 168, 240
105.544, 217, 119, 280, 134
105.54, 209, 137, 272, 200
105.537, 97, 51, 128, 66
105.507, 161, 63, 176, 78
105.387, 185, 15, 200, 30
105.387, 201, 57, 264, 72
105.354, 97, 49, 160, 176
105.202, 269, 105, 300, 136
105.184, 197, 29, 228, 44
105.154, 113, 5, 240, 36
105.03, 33, 33, 288, 288
104.976, 155, 129, 170, 192
104.936, 131, 109, 146, 140
104.86, 211, 137, 226, 168
104.797, 193, 121, 256, 152
104.751, 73, 89, 136, 104
104.736, 245, 9, 260, 72
104.736, 147, 113, 162, 240
104.718, 33, 89, 160, 120
104.696, 175, 9, 190, 40
104.496, 81, 101, 144, 116
104.488, 229, 53, 244, 68
104.405, 129, 129, 160, 160
104.372, 217, 49, 280, 80
104.274, 147, 81, 162, 112
104.248, 209, 117, 224, 148
103.939, 201, 27, 264, 42
103.917, 229, 83, 260, 98
103.808, 245, 137, 276, 152
103.74, 249, 137, 264, 200
103.619, 229, 85, 244, 116
103.619, 113, 93, 128, 124
103.612, 237, 9, 268, 72
103.597, 165, 129, 180, 160
103.572, 117, 1, 132, 128
103.514, 97, 49, 128, 80
103.481, 245, 45, 260, 60
103.477, 121, 11, 184, 26
103.401, 73, 77, 136, 108
103.248, 197, 81, 228, 112
103.179, 227, 137, 242, 200
103.165, 141, 133, 172, 148
103.154, 101, 33, 132, 48
103.132, 267, 81, 282, 96
103.056, 101, 113, 132, 128
103.037, 205, 9, 236, 72
102.954, 97, 65, 128, 80
102.91, 81, 31, 144, 46
102.906, 141, 49, 156, 112
102.845, 269, 113, 300, 128
102.845, 73, 95, 136, 110
102.841, 97, 65, 128, 96
102.808, 139, 39, 154, 54
102.808, 241, 137, 272, 168
102.717, 197, 139, 228, 154
102.703, 259, 5, 274, 36
102.699, 195, 55, 210, 70
102.616, 271, 113, 286, 144
102.616, 241, 137, 272, 200
102.582, 145, 129, 272, 192
102.579, 237, 49, 252, 80
102.492, 233, 27, 264, 42
102.394, 259, 125, 274, 140
102.39, 253, 129, 284, 256
102.383, 169, 133, 200, 164
102.285, 265, 93, 328, 124
102.226, 169, 125, 232, 156
102.168, 97, 73, 128, 88
102.168, 97, 25, 128, 88
102.157, 141, 129, 156, 160
102.041, 179, 101, 194, 132
101.943, 97, 59, 128, 74
101.906, 173, 115, 188, 130
101.83, 97, 77, 128, 108
101.83, 269, 93, 300, 124
101.83, 255, 137, 270, 200
101.789, 181, 71, 196, 86
101.763, 197, 73, 212, 104
101.725, 265, 97, 328, 112
101.721, 245, 105, 276, 136
101.717, 161, 129, 176, 192
101.673, 209, 81, 336, 144
101.608, 181, 137, 212, 200
101.593, 217, 87, 248, 102
101.593, 257, 49, 320, 112
101.564, 169, 15, 232, 30
101.495, 269, 101, 300, 116
101.492, 73, 83, 136, 98
101.477, 175, 89, 190, 104
101.477, 121, 133, 184, 148
101.386, 269, 119, 300, 134
101.383, 97, 83, 128, 98
101.383, 143, 129, 158, 192
101.375, 213, 85, 244, 116
101.371, 217, 141, 248, 156
101.368, 225, 131, 256, 146
101.273, 245, 119, 276, 134
101.273, 269, 125, 300, 140
101.27, 167, 129, 182, 192
101.255, 97, 113, 224, 240
101.244, 145, 87, 208, 102
101.15, 153, 103, 184, 118
101.15, 175, 133, 190, 164
101.052, 217, 101, 280, 116
101.052, 265, 105, 328, 120
101.052, 217, 107, 280, 122
101.052, 265, 111, 328, 126
101.052, 217, 113, 280, 128
101.052, 265, 117, 328, 132
101.052, 265, 123, 328, 138
101.052, 265, 109, 328, 140
101.052, 257, 97, 384, 128
101.052, 257, 109, 384, 140
101.048, 269, 107, 300, 122
101.048, 149, 129, 164, 192
101.044, 233, 137, 248, 200
101.033, 261, 105, 276, 136
101.015, 225, 27, 240, 42
101.015, 81, 101, 144, 132
100.931, 97, 49, 128, 112
100.931, 265, 89, 328, 152
100.924, 223, 117, 238, 148
100.92, 157, 135, 188, 150
100.92, 177, 137, 208, 152
100.902, 199, 133, 214, 164
100.895, 181, 91, 196, 106
100.895, 167, 13, 182, 44
100.822, 73, 107, 136, 122
100.811, 113, 81, 128, 144
100.808, 153, 21, 184, 36
100.789, 129, 121, 160, 184
100.706, 271, 115, 286, 130
100.702, 113, 101, 128, 116
100.699, 225, 25, 352, 56
100.68, 249, 61, 264, 92
100.676, 237, 71, 268, 86
100.6, 17, 25, 144, 56
100.597, 97, 89, 128, 104
100.556, 269, 25, 300, 40
100.541, 233, 1, 264, 32
100.48, 269, 93, 300, 108
100.48, 135, 129, 150, 160
100.368, 175, 129, 190, 192
100.258, 97, 45, 128, 60
100.244, 73, 45, 136, 60
100.138, 211, 85, 226, 116
100.131, 125, 131, 156, 146
100.127, 101, 97, 132, 128
100.098, 249, 35, 280, 50
100.033, 97, 95, 128, 110
100.007, 159, 129, 174, 160
99.996, 269, 25, 300, 56
99.9202, 153, 97, 184, 112
99.9165, 273, 17, 288, 144
99.9054, 217, 63, 232, 78
99.898, 133, 81, 148, 144
99.8722, 177, 1, 208, 32
99.8537, 227, 9, 242, 40
99.8, 231, 87, 246, 102
99.7483, 209, 57, 224, 120
99.6651, 249, 75, 264, 90
99.5339, 171, 37, 186, 68
99.4728, 243, 137, 258, 200
99.458, 101, 107, 132, 122
99.4359, 121, 15, 152, 30
99.36, 257, 89, 384, 152
99.3416, 121, 129, 184, 160
99.2546, 265, 129, 328, 144
99.2325, 169, 89, 200, 104
99.2325, 209, 137, 240, 200
99.2029, 183, 1, 198, 32
99.1308, 271, 97, 286, 160
99.1271, 73, 37, 136, 52
99.0069, 217, 51, 232, 66
98.9958, 145, 89, 208, 120
98.9163, 195, 137, 210, 200
98.9126, 271, 127, 286, 142
98.9089, 113, 107, 128, 122
98.8868, 201, 113, 232, 144
98.8794, 199, 29, 214, 60
98.8683, 205, 81, 220, 112
98.8035, 245, 113, 276, 128
98.7998, 269, 117, 300, 148
98.7924, 97, 1, 128, 128
98.7519, 253, 1, 268, 32
98.7482, 97, 81, 160, 112
98.6502, 209, 65, 336, 96
98.4615, 123, 77, 138, 108
98.3561, 123, 113, 138, 240
98.3266, 177, 103, 208, 118
98.3082, 271, 21, 286, 36
98.1121, 271, 101, 286, 116
98.0826, 193, 15, 224, 30
98.0031, 261, 109, 276, 124
97.9957, 223, 137, 238, 168
97.9883, 257, 47, 272, 62
97.8866, 241, 143, 272, 158
97.8829, 225, 71, 288, 86
97.8829, 149, 85, 180, 116
97.7812, 261, 103, 276, 118
97.7812, 271, 109, 286, 124
97.7775, 73, 33, 136, 96
97.661, 261, 89, 276, 104
97.6426, 193, 49, 208, 80
97.563, 271, 121, 286, 136
97.5557, 271, 101, 286, 132
97.552, 223, 63, 238, 78
97.5372, 219, 9, 234, 72
97.5261, 265, 25, 328, 40
97.5224, 249, 63, 280, 78
97.5224, 209, 117, 336, 148
97.4318, 231, 27, 246, 42
97.3264, 113, 89, 128, 104
97.3264, 181, 133, 196, 164
97.319, 101, 101, 132, 116
97.3117, 101, 39, 132, 54
97.2247, 97, 37, 128, 68
97.2026, 145, 113, 176, 128
97.1841, 173, 27, 204, 42
97.173, 113, 119, 144, 134
97.1156, 73, 33, 136, 160
97.1083, 123, 93, 138, 108
97.1083, 111, 33, 126, 96
97.1009, 205, 29, 220, 44
96.9881, 261, 119, 276, 134
96.9881, 241, 81, 368, 112
96.9844, 249, 103, 280, 118
96.9807, 193, 37, 208, 52
96.9586, 243, 83, 258, 98
96.8827, 217, 85, 232, 116
96.8827, 251, 9, 266, 72
96.879, 145, 111, 160, 126
96.8753, 181, 91, 212, 106
96.868, 215, 137, 230, 200
96.7589, 113, 33, 128, 48
96.7404, 155, 65, 170, 80
96.6683, 269, 131, 300, 146
96.6572, 167, 21, 182, 36
96.6424, 213, 51, 244, 66
96.5149, 213, 81, 244, 96
96.5001, 235, 1, 250, 32
96.4464, 265, 91, 328, 106
96.439, 229, 117, 244, 148
96.4095, 217, 33, 232, 64
96.1766, 255, 69, 270, 100
96.1007, 113, 105, 128, 136
96.0638, 193, 63, 208, 78
95.9732, 271, 85, 286, 116
95.9621, 133, 121, 148, 184
95.9289, 97, 37, 160, 52
95.9252, 129, 65, 160, 192
95.8825, 17, 105, 144, 136
95.7587, 131, 131, 146, 146
95.7402, 169, 11, 200, 26
95.6644, 123, 47, 138, 62
95.6459, 113, 95, 128, 110
95.6238, 243, 49, 258, 80
95.5405, 235, 117, 250, 148
95.5368, 111, 49, 126, 80
95.5295, 155, 21, 170, 36
95.511, 257, 33, 288, 288
95.4167, 217, 141, 248, 172
95.413, 237, 87, 252, 102
95.4093, 115, 115, 130, 130
95.3909, 201, 49, 232, 64
95.3224, 265, 17, 328, 144
95.1985, 225, 141, 240, 156
95.1948, 101, 89, 132, 152
95.1875, 197, 27, 212, 42
95.1838, 247, 137, 262, 168
95.1801, 229, 45, 260, 60
95.1395, 241, 65, 304, 192
95.0894, 73, 21, 136, 52
95.0415, 221, 1, 252, 32
95.0415, 125, 117, 156, 148
94.9545, 193, 5, 256, 36
94.8602, 205, 139, 220, 154
94.7474, 73, 25, 136, 40
94.6457, 97, 23, 128, 38
94.6347, 187, 137, 202, 152
94.5293, 111, 47, 126, 62
94.5256, 217, 129, 232, 144
94.5256, 145, 129, 176, 256
94.5182, 113, 81, 128, 112
94.5145, 113, 75, 128, 90
94.5145, 257, 79, 320, 94
94.5108, 203, 41, 218, 56
94.4202, 123, 83, 138, 98
94.4017, 113, 65, 128, 96
94.3648, 97, 89, 160, 152
94.2705, 225, 33, 256, 64
94.2373, 237, 77, 268, 108
94.202, 123, 49, 138, 80
94.1873, 185, 115, 200, 130
94.1651, 201, 39, 264, 54
94.0819, 101, 109, 132, 140
94.0782, 73, 19, 136, 34
94.0671, 215, 139, 230, 154
94.0634, 225, 9, 256, 72
94.0339, 173, 101, 204, 132
93.8416, 133, 111, 164, 126
93.8416, 111, 1, 126, 128
93.8342, 253, 137, 268, 168
93.7362, 237, 27, 252, 42
93.7288, 271, 93, 286, 108
93.7251, 185, 85, 200, 100
93.6956, 243, 1, 258, 32
93.6956, 169, 1, 232, 32
93.5754, 261, 47, 292, 62
93.5106, 239, 85, 254, 116
93.5106, 239, 9, 254, 72
93.507, 141, 19, 172, 34
93.4553, 257, 17, 288, 32
93.4126, 265, 81, 328, 112
93.4053, 269, 87, 300, 102
93.3979, 231, 141, 246, 156
93.3388, 209, 49, 336, 176
93.2925, 111, 55, 126, 70
93.2666, 127, 121, 142, 184
93.263, 181, 27, 196, 42
93.2519, 143, 105, 158, 168
93.2408, 257, 81, 288, 144
93.1797, 101, 119, 132, 134
93.1613, 221, 27, 252, 42
93.0596, 205, 87, 236, 102
93.0411, 145, 11, 208, 26
92.9652, 123, 65, 138, 96
92.9542, 237, 131, 252, 146
92.9431, 181, 113, 212, 128
92.8414, 223, 85, 238, 116
92.7212, 153, 133, 168, 148
92.6917, 199, 49, 214, 64
92.6195, 111, 41, 126, 56
92.6195, 111, 67, 126, 82
92.6085, 113, 83, 128, 98
92.6085, 123, 101, 138, 116
92.6085, 209, 143, 272, 158
92.5068, 111, 61, 126, 76
92.4957, 157, 51, 172, 66
92.4957, 193, 137, 208, 152
92.492, 257, 27, 272, 42
92.3718, 173, 11, 188, 26
92.346, 157, 105, 188, 168
92.3423, 121, 119, 136, 134
92.3423, 233, 65, 264, 128
92.2886, 261, 137, 276, 200
92.2886, 117, 113, 148, 240
92.2812, 181, 137, 196, 152
92.1537, 257, 135, 320, 150
92.15, 205, 49, 220, 80
91.9392, 195, 85, 210, 116
91.9355, 217, 45, 248, 60
91.9245, 229, 47, 244, 62
91.8433, 1, 89, 400, 152
91.8264, 135, 21, 150, 36
91.7859, 1, 1, 256, 300
91.7284, 123, 77, 138, 92
91.6731, 217, 129, 280, 160
91.6694, 181, 129, 212, 160
91.6046, 167, 135, 182, 150
91.5603, 109, 1, 140, 128
91.5566, 145, 125, 176, 156
91.4881, 145, 101, 208, 116
91.4808, 149, 19, 164, 34
91.4734, 129, 125, 144, 156
91.4402, 221, 9, 236, 40
91.32, 249, 19, 312, 34
91.2737, 223, 129, 238, 144
91.27, 161, 135, 176, 150
91.2515, 179, 11, 194, 26
91.2441, 257, 45, 272, 76
91.2404, 199, 35, 214, 50
91.172, 265, 121, 328, 152
91.1572, 229, 141, 260, 172
91.1424, 195, 85, 210, 100
91.0444, 157, 9, 188, 24
91.0334, 113, 57, 128, 120
91.0223, 179, 107, 194, 122
90.9353, 229, 141, 244, 172
90.9095, 213, 81, 228, 96
90.8189, 147, 133, 162, 148
90.8078, 81, 113, 144, 144
90.7024, 245, 11, 276, 26
90.6581, 97, 1, 352, 300
90.5933, 73, 9, 136, 72
90.4953, 123, 67, 138, 82
90.488, 169, 115, 232, 130
90.4732, 239, 45, 254, 60
90.4621, 193, 133, 208, 164
90.3863, 257, 121, 384, 152
90.3789, 193, 129, 320, 256
90.3604, 207, 61, 222, 76
90.3457, 229, 51, 260, 66
90.2698, 273, 73, 288, 104
90.2624, 253, 117, 268, 148
90.2513, 211, 87, 226, 102
90.098, 97, 83, 160, 98
90.0406, 151, 133, 166, 164
90.0295, 255, 143, 270, 158
90.0147, 251, 133, 266, 148
89.9204, 249, 143, 264, 158
89.913, 151, 77, 166, 92
89.8946, 203, 121, 218, 184
89.8835, 121, 5, 184, 36
89.8002, 229, 141, 260, 156
89.7059, 271, 133, 286, 148
89.6949, 111, 37, 126, 68
89.6912, 231, 131, 246, 146
89.6875, 201, 61, 216, 76
89.5636, 145, 101, 208, 132
89.5526, 223, 85, 238, 100
89.4767, 235, 141, 250, 172
89.473, 165, 9, 180, 24
89.473, 243, 131, 258, 146
89.4619, 271, 87, 286, 102
89.3787, 17, 73, 144, 136
89.3492, 143, 19, 158, 34
89.3159, 65, 109, 192, 140
89.2512, 243, 117, 258, 148
89.2438, 149, 9, 164, 24
89.2438, 161, 21, 176, 36
89.2401, 205, 51, 220, 66
89.2327, 1, 113, 256, 240
89.1347, 159, 9, 174, 24
89.1273, 173, 135, 188, 150
88.9239, 73, 89, 136, 152
88.9091, 209, 49, 336, 80
88.9055, 217, 141, 280, 172
88.8981, 139, 131, 154, 146
88.8759, 251, 45, 266, 60
88.8001, 259, 141, 274, 172
88.7927, 265, 61, 296, 92
88.7521, 269, 39, 300, 54
88.6836, 217, 87, 232, 102
88.6799, 129, 21, 144, 36
88.5671, 265, 37, 296, 68
88.5598, 225, 55, 288, 70
88.5598, 101, 1, 132, 64
88.4654, 241, 141, 256, 172
88.4544, 123, 129, 138, 144
88.447, 265, 105, 296, 168
88.4138, 255, 57, 270, 120
88.4101, 229, 37, 244, 68
88.3637, 17, 9, 144, 72
88.3453, 1, 129, 256, 192
88.3342, 187, 133, 202, 164
88.2067, 129, 1, 384, 256
88.0791, 171, 121, 186, 152
87.9922, 147, 103, 162, 118
87.9127, 273, 79, 288, 94
87.8979, 137, 9, 168, 24
87.8942, 233, 9, 248, 72
87.774, 199, 137, 214, 152
87.763, 193, 35, 224, 50
87.6022, 1, 1, 400, 300
87.578, 123, 53, 138, 68
87.5522, 239, 141, 254, 156
87.5264, 255, 77, 270, 92
87.4653, 123, 61, 138, 76
87.4468, 121, 121, 136, 184
87.4394, 243, 89, 258, 104
87.4062, 97, 21, 160, 36
87.3988, 233, 13, 248, 44
87.3414, 275, 25, 290, 88
87.3193, 97, 113, 352, 240
87.2934, 153, 131, 216, 146
87.2213, 141, 9, 156, 24
87.2102, 215, 57, 230, 72
87.2102, 229, 63, 244, 78
87.1196, 185, 9, 248, 24
87.1085, 125, 9, 156, 24
87.0605, 271, 1, 286, 64
86.9957, 97, 131, 160, 146
86.9625, 225, 47, 288, 62
86.7628, 269, 125, 284, 156
86.7628, 117, 121, 148, 184
86.7628, 33, 97, 160, 160
86.4392, 253, 11, 268, 26
86.4356, 115, 121, 130, 136
86.4282, 265, 75, 296, 90
86.4134, 225, 67, 256, 82
86.3412, 265, 85, 328, 100
86.2248, 111, 23, 126, 38
86.2174, 135, 41, 150, 104
86.1768, 97, 107, 160, 122
85.9808, 229, 89, 260, 104
85.8717, 161, 137, 288, 168
85.8606, 145, 29, 160, 44
85.7626, 133, 9, 148, 24
85.7626, 157, 87, 188, 102
85.7589, 241, 113, 304, 240
85.5555, 97, 13, 128, 44
85.4391, 17, 1, 144, 128
85.3948, 133, 63, 164, 78
85.3911, 241, 81, 304, 112
85.2135, 73, 121, 136, 136
84.9917, 97, 17, 128, 32
84.988, 111, 9, 126, 72
84.9658, 257, 33, 272, 64
84.9511, 123, 15, 138, 30
84.9474, 249, 85, 264, 100
84.9363, 149, 105, 164, 168
84.8641, 113, 49, 128, 176
84.8198, 177, 133, 240, 148
84.6275, 199, 49, 214, 80
84.5406, 193, 9, 224, 24
84.5258, 247, 27, 262, 42
84.2929, 153, 31, 168, 46
84.2707, 241, 89, 304, 152
84.2097, 17, 13, 144, 44
84.0895, 181, 9, 212, 24
84.0378, 245, 65, 260, 128
84.0267, 113, 109, 144, 140
83.9657, 141, 81, 156, 112
83.9398, 269, 49, 300, 80
83.925, 129, 105, 384, 168
83.8603, 193, 145, 224, 208
83.7364, 139, 111, 154, 126
83.7253, 145, 83, 176, 98
83.718, 141, 35, 172, 50
83.6495, 17, 37, 144, 68
83.6126, 157, 75, 172, 90
83.5146, 125, 9, 140, 24
83.5146, 245, 85, 260, 116
83.4924, 163, 73, 178, 104
83.4813, 269, 53, 300, 68
83.4518, 129, 65, 384, 192
83.3981, 221, 45, 236, 60
83.3686, 153, 121, 168, 152
83.2558, 217, 113, 280, 176
83.132, 233, 1, 296, 300
83.0598, 257, 21, 320, 52
83.0487, 257, 1, 288, 32
83.0376, 145, 5, 208, 36
82.9433, 225, 9, 240, 72
82.9396, 193, 129, 320, 192
82.6345, 273, 73, 288, 136
82.605, 253, 129, 284, 192
82.5866, 133, 71, 164, 86
82.2298, 265, 97, 280, 160
82.1761, 135, 49, 150, 80
81.9431, 169, 89, 232, 120
81.8193, 209, 39, 240, 54
81.7971, 257, 133, 288, 148
81.7028, 209, 5, 240, 36
81.5716, 271, 13, 286, 44
81.4625, 259, 129, 274, 160
81.4588, 141, 105, 172, 168
81.2924, 17, 61, 144, 92
81.2591, 97, 125, 160, 156
81.1611, 115, 105, 130, 168
81.1574, 233, 11, 264, 26
81.139, 229, 73, 244, 104
81.1131, 119, 81, 134, 144
81.0557, 217, 9, 280, 24
81.0557, 73, 9, 136, 40
81.0336, 185, 119, 216, 134
81.0225, 133, 57, 164, 72
80.7027, 89, 33, 152, 288
80.6694, 187, 113, 202, 176
80.6694, 123, 49, 138, 176
80.6362, 1, 1, 400, 256
80.4993, 65, 41, 128, 72
80.4845, 117, 97, 132, 224
80.4587, 121, 5, 152, 36
80.4439, 153, 129, 184, 144
80.368, 89, 97, 152, 224
80.2737, 65, 51, 128, 66
80.1499, 265, 129, 296, 160
80.0408, 257, 11, 288, 26
80.0371, 49, 125, 176, 156
80.0297, 101, 49, 132, 176
79.928, 241, 57, 368, 120
79.8948, 133, 69, 164, 100
79.88, 193, 1, 320, 256
79.5934, 97, 121, 160, 184
79.3568, 1, 113, 400, 240
79.2403, 229, 57, 260, 72
79.2219, 117, 17, 132, 80
79.1312, 49, 97, 176, 224
79.1017, 97, 95, 160, 110
79.0037, 131, 37, 146, 68
78.9926, 261, 81, 292, 96
78.9278, 111, 13, 126, 44
78.8983, 253, 137, 284, 168
78.804, 105, 97, 136, 224
78.7708, 269, 33, 300, 48
78.7023, 221, 9, 252, 24
78.6801, 205, 11, 236, 26
78.6543, 169, 105, 184, 168
78.5895, 233, 137, 296, 200
78.4435, 237, 73, 252, 104
78.4361, 211, 41, 226, 72
78.2401, 265, 113, 280, 240
78.218, 191, 5, 206, 36
78.2069, 217, 113, 232, 176
78.1237, 249, 65, 312, 96
78.1089, 241, 1, 304, 32
77.9129, 123, 129, 138, 160
77.9018, 105, 125, 136, 140
77.8038, 65, 57, 128, 72
77.5783, 185, 101, 216, 132
77.4544, 257, 113, 320, 176
77.3343, 153, 81, 168, 112
77.3084, 199, 1, 214, 32
77.2974, 123, 117, 138, 148
77.2141, 245, 33, 260, 64
76.959, 209, 65, 240, 128
76.8979, 81, 1, 144, 300
76.8036, 257, 49, 384, 176
76.7741, 105, 33, 136, 288
76.5559, 269, 121, 284, 184
76.5301, 265, 13, 296, 44
76.4247, 193, 87, 224, 102
76.4136, 269, 61, 300, 76
76.3378, 167, 93, 182, 124
76.1085, 169, 101, 232, 132
75.9958, 241, 113, 368, 176
75.8424, 215, 57, 230, 120
75.7813, 275, 49, 290, 80
75.7702, 265, 97, 296, 224
75.7555, 269, 19, 300, 34
75.6242, 197, 1, 228, 32
75.5484, 33, 1, 160, 300
75.5373, 249, 45, 264, 76
75.5299, 165, 107, 196, 122
75.5004, 205, 113, 236, 176
75.1121, 265, 65, 328, 192
75.101, 241, 133, 368, 164
75.0973, 105, 113, 136, 176
75.0751, 269, 1, 300, 64
74.9661, 179, 229, 194, 260
74.955, 177, 97, 208, 112
74.8459, 153, 33, 184, 48
74.7258, 215, 1, 230, 32
74.6167, 205, 1, 220, 32
74.5113, 169, 237, 200, 252
74.428, 257, 133, 320, 164
74.417, 81, 13, 144, 28
74.3911, 257, 117, 288, 148
74.3874, 109, 21, 140, 36
74.1545, 117, 37, 132, 68
74.0971, 117, 129, 148, 160
74.0787, 177, 231, 208, 246
73.8605, 113, 9, 144, 24
73.5443, 17, 49, 144, 80
73.5406, 17, 49, 144, 176
73.3762, 213, 135, 244, 150
73.304, 49, 121, 176, 184
73.2486, 193, 113, 256, 176
73.1691, 137, 61, 152, 92
73.1507, 235, 37, 250, 68
73.0453, 123, 5, 138, 36
72.8677, 269, 137, 300, 152
72.8086, 109, 13, 140, 44
72.7365, 105, 121, 136, 152
72.7254, 117, 121, 132, 152
72.7069, 119, 105, 134, 136
72.6922, 117, 125, 148, 140
72.6237, 253, 143, 284, 158
72.5757, 117, 65, 148, 192
72.5609, 209, 105, 224, 168
72.2928, 241, 53, 304, 84
72.2706, 233, 33, 296, 288
72.2485, 173, 131, 204, 146
72.0672, 185, 145, 248, 208
72.0598, 249, 73, 312, 88
72.0119, 97, 9, 160, 40
71.936, 249, 45, 312, 60
71.7215, 257, 13, 320, 28
71.7068, 269, 67, 300, 82
71.5181, 269, 1, 300, 256
71.496, 165, 95, 196, 110
71.4665, 259, 113, 274, 176
71.3537, 117, 13, 132, 44
71.2815, 33, 33, 160, 288
71.2667, 179, 241, 194, 272
71.204, 1, 49, 400, 176
71.1614, 241, 97, 368, 224
71.056, 169, 91, 232, 106
71.0301, 225, 1, 352, 300
70.9137, 133, 51, 164, 66
70.8489, 273, 19, 336, 34
70.372, 141, 29, 172, 44
70.2592, 249, 141, 312, 156
70.0558, 189, 103, 220, 118
70.0484, 33, 1, 160, 32
70.0078, 97, 89, 160, 104
69.9356, 181, 193, 212, 256
69.7212, 265, 129, 296, 192
69.5973, 101, 1, 132, 32
69.5456, 109, 37, 140, 68
69.4809, 265, 137, 280, 168
69.4366, 217, 113, 248, 176
69.2627, 101, 11, 132, 26
69.2553, 133, 81, 164, 112
69.2221, 147, 121, 162, 152
68.8264, 157, 97, 172, 128
68.771, 165, 1, 180, 32
68.6545, 237, 65, 252, 128
68.4622, 97, 129, 352, 192
68.4475, 1, 121, 400, 184
68.4401, 241, 117, 304, 148
68.2514, 269, 13, 300, 28
68.2404, 251, 33, 266, 64
67.6876, 221, 39, 252, 54
67.6765, 115, 1, 130, 32
67.5527, 149, 97, 164, 128
67.4583, 189, 93, 204, 124
67.3493, 145, 109, 208, 124
67.1311, 113, 131, 144, 146
66.8723, 197, 113, 212, 176
66.6763, 169, 205, 232, 236
66.6579, 237, 33, 268, 64
66.4655, 273, 65, 288, 192
66.4434, 181, 217, 212, 248
66.4065, 221, 65, 236, 128
66.3269, 183, 217, 198, 248
65.8832, 145, 95, 208, 110
65.85, 159, 1, 174, 32
65.7372, 109, 25, 140, 88
65.6725, 277, 21, 292, 52
65.4432, 185, 241, 216, 256
65.2029, 189, 231, 220, 246
65.2029, 169, 221, 200, 252
65.2029, 169, 193, 232, 256
65.1771, 137, 1, 168, 32
65.1771, 241, 113, 272, 176
65.0643, 133, 1, 148, 32
64.9958, 257, 1, 320, 300
64.9589, 221, 57, 252, 120
64.7518, 173, 97, 188, 128
64.7297, 153, 1, 184, 32
64.5041, 153, 1, 168, 32
64.5004, 231, 65, 246, 128
64.4209, 173, 241, 204, 272
64.0973, 203, 145, 218, 208
64.053, 221, 129, 252, 160
63.9735, 201, 223, 264, 238
63.7701, 189, 97, 220, 112
63.2025, 257, 1, 320, 256
62.9327, 147, 1, 162, 32
62.7072, 139, 1, 154, 32
62.6092, 265, 31, 328, 46
62.4853, 135, 65, 150, 192
62.4095, 209, 1, 336, 32
62.195, 275, 49, 290, 112
61.8382, 265, 1, 328, 64
61.7365, 185, 245, 200, 276
61.511, 177, 217, 192, 248
61.5073, 257, 25, 320, 88
61.3687, 109, 27, 140, 42
60.9803, 273, 47, 304, 62
60.9508, 177, 229, 240, 260
60.9471, 189, 237, 220, 268
60.8085, 239, 129, 254, 160
60.7179, 185, 199, 216, 214
60.7142, 217, 33, 248, 48
60.4813, 265, 39, 328, 54
60.3869, 269, 1, 300, 32
60.2668, 193, 109, 256, 140
60.1614, 189, 197, 220, 228
59.9469, 275, 61, 290, 92
59.7029, 209, 9, 336, 72
59.4848, 177, 233, 240, 248
59.2297, 155, 105, 170, 168
59.2186, 257, 89, 288, 104
59.1502, 273, 1, 288, 32
59.0152, 153, 15, 184, 30
59.0115, 233, 129, 248, 160
58.9135, 249, 37, 312, 68
58.7028, 229, 223, 260, 238
58.5863, 177, 193, 208, 208
58.4588, 141, 97, 172, 128
58.3718, 265, 9, 328, 40
58.3607, 177, 201, 192, 264
58.3423, 143, 97, 158, 128
58.3349, 257, 93, 288, 124
58.1426, 173, 245, 204, 260
58.1389, 169, 205, 232, 220
58.1278, 171, 221, 186, 252
57.6952, 161, 217, 224, 248
57.5787, 209, 229, 272, 244
57.1461, 135, 73, 150, 104
57.124, 153, 195, 216, 210
57.0333, 273, 81, 304, 96
57.0223, 201, 209, 216, 240
56.9021, 249, 51, 312, 66
56.6802, 209, 205, 224, 236
56.5343, 109, 65, 140, 128
56.1275, 197, 117, 228, 132
55.9778, 241, 129, 304, 144
55.7596, 117, 49, 132, 80
55.571, 133, 85, 164, 100
55.4398, 153, 189, 216, 220
55.3418, 185, 233, 216, 296
55.3344, 177, 243, 240, 258
55.2179, 189, 223, 220, 238
54.5487, 237, 63, 268, 78
54.4064, 209, 105, 336, 136
54.3453, 257, 69, 384, 100
54.3268, 193, 205, 256, 236
54.3231, 209, 221, 272, 252
54.2936, 241, 91, 304, 106
54.2251, 265, 143, 296, 158
54.2067, 241, 227, 272, 242
54.1919, 225, 13, 352, 44
54.0939, 177, 241, 240, 272
53.9885, 205, 205, 236, 236
53.9811, 183, 193, 198, 256
53.9663, 133, 77, 164, 92
53.8683, 169, 193, 200, 256
53.7666, 191, 193, 206, 256
53.1696, 129, 65, 144, 192
53.0937, 169, 219, 232, 234
52.9883, 159, 85, 174, 116
52.8682, 241, 1, 368, 256
52.748, 205, 233, 236, 248
52.5372, 277, 33, 292, 64
52.4097, 185, 177, 200, 300
52.3006, 197, 207, 228, 222
52.2969, 153, 231, 216, 246
52.1805, 133, 103, 164, 118
52.0824, 137, 97, 152, 128
52.0824, 161, 233, 288, 264
51.9623, 201, 221, 232, 236
51.9623, 177, 225, 192, 288
51.9623, 205, 217, 236, 280
51.82, 257, 127, 288, 142
51.7478, 233, 61, 296, 76
51.7404, 177, 225, 208, 240
51.7331, 173, 241, 188, 272
51.6424, 73, 127, 136, 142
51.6203, 193, 225, 224, 256
51.5149, 189, 221, 204, 252
51.2857, 203, 105, 218, 136
51.1803, 211, 217, 226, 248
50.9621, 1, 33, 128, 96
50.9584, 209, 221, 240, 252
50.8493, 219, 169, 234, 232
50.3577, 109, 45, 140, 60
50.1801, 193, 117, 256, 132
49.9103, 161, 105, 176, 168
49.9103, 239, 113, 254, 176
49.8344, 191, 237, 206, 268
49.827, 203, 201, 218, 264
49.8233, 209, 37, 336, 68
49.8086, 241, 93, 304, 124
49.7179, 185, 177, 216, 300
49.6125, 213, 225, 244, 240
49.583, 223, 113, 238, 176
49.5108, 277, 1, 292, 64
49.4998, 185, 209, 216, 224
49.3501, 249, 113, 264, 176
49.1651, 203, 233, 218, 264
49.1615, 203, 197, 218, 228
48.9433, 181, 141, 212, 172
48.9027, 109, 49, 140, 80
48.8195, 165, 197, 196, 212
48.8195, 177, 177, 192, 300
48.7104, 191, 193, 206, 224
48.703, 169, 185, 200, 216
48.5644, 109, 81, 140, 112
48.5644, 229, 113, 244, 176
48.4811, 181, 205, 196, 236
48.2704, 73, 113, 136, 176
48.263, 201, 217, 264, 232
48.2556, 185, 217, 200, 280
48.1576, 145, 137, 176, 168
48.1207, 209, 93, 336, 124
47.9284, 145, 91, 176, 106
47.9247, 169, 205, 200, 220
47.921, 195, 213, 210, 244
47.8267, 257, 9, 384, 72
47.823, 193, 93, 256, 108
47.7065, 169, 101, 232, 116
47.6659, 109, 95, 140, 110
47.59, 197, 197, 212, 228
47.481, 169, 209, 200, 240
47.4773, 197, 241, 228, 300
47.4699, 197, 105, 212, 136
47.3719, 213, 169, 228, 232
47.1316, 243, 217, 258, 248
47.0225, 193, 193, 224, 256
46.993, 229, 113, 260, 176
46.9097, 191, 177, 206, 300
46.8006, 169, 217, 232, 280
46.7933, 169, 161, 200, 288
46.7822, 141, 97, 172, 112
46.6989, 205, 169, 236, 232
46.6731, 185, 233, 200, 264
46.5456, 109, 69, 140, 100
46.466, 113, 193, 240, 256
46.4623, 161, 225, 224, 240
46.4623, 171, 201, 186, 264
46.368, 233, 37, 264, 52
46.3569, 277, 37, 308, 68
46.3532, 177, 193, 192, 224
46.3532, 189, 205, 204, 236
46.2405, 229, 217, 260, 248
46.0149, 201, 33, 264, 48
45.9854, 109, 81, 140, 96
45.9854, 109, 89, 140, 104
45.9095, 253, 229, 268, 260
45.8726, 109, 71, 140, 86
45.7599, 109, 51, 140, 66
45.7599, 109, 63, 140, 78
45.5675, 177, 211, 240, 226
45.5675, 193, 177, 256, 300
45.2329, 175, 205, 190, 236
45.2218, 193, 209, 224, 240
44.902, 277, 25, 308, 88
44.8983, 197, 177, 212, 300
44.8909, 211, 201, 226, 264
44.4435, 197, 193, 212, 256
44.4177, 241, 97, 304, 112
44.0757, 257, 105, 288, 136
43.4396, 129, 193, 192, 224
43.3158, 145, 201, 208, 216
43.0718, 241, 123, 304, 138
42.9812, 157, 193, 188, 256
42.8758, 217, 217, 248, 280
42.5375, 175, 177, 190, 240
42.519, 161, 233, 192, 264
42.3156, 241, 225, 272, 256
42.3119, 97, 7, 160, 22
42.2065, 193, 217, 208, 280
41.981, 129, 195, 192, 210
41.9736, 137, 237, 200, 252
41.5299, 165, 201, 180, 264
41.3044, 145, 189, 208, 204
41.1621, 241, 105, 304, 136
40.966, 229, 205, 260, 236
40.8533, 157, 221, 188, 252
40.624, 177, 241, 240, 300
40.5149, 203, 225, 218, 288
40.4096, 201, 235, 264, 250
40.3763, 241, 105, 304, 120
40.3763, 241, 111, 304, 126
40.3763, 241, 117, 304, 132
40.184, 219, 217, 234, 280
40.1766, 177, 107, 240, 122
40.1729, 177, 197, 240, 212
39.6202, 177, 255, 240, 270
39.6202, 185, 241, 200, 300
39.2818, 153, 245, 216, 276
39.2782, 169, 197, 200, 228
39.0452, 243, 177, 258, 300
38.9435, 161, 209, 288, 272
38.7217, 121, 203, 184, 218
38.6052, 169, 249, 232, 264
38.6015, 113, 193, 240, 224
38.4961, 145, 213, 272, 244
38.4924, 145, 177, 208, 240
38.0635, 273, 33, 336, 64
37.8269, 65, 1, 128, 256
37.8121, 153, 243, 216, 258
37.8121, 185, 217, 248, 248
37.7104, 209, 217, 272, 280
37.4849, 161, 249, 288, 280
37.3684, 205, 193, 236, 256
37.0449, 211, 241, 226, 300
37.0338, 173, 233, 204, 296
36.9247, 201, 233, 264, 264
36.921, 185, 181, 216, 212
36.8046, 161, 217, 192, 280
36.3609, 137, 209, 200, 272
36.2481, 177, 181, 240, 212
36.139, 161, 245, 192, 276
36.041, 271, 113, 286, 240
35.9171, 193, 257, 224, 288
35.9171, 229, 177, 260, 300
35.9135, 201, 209, 264, 224
35.8154, 265, 141, 296, 172
35.8081, 129, 221, 192, 252
35.6879, 217, 205, 248, 236
35.4734, 277, 13, 308, 44
35.455, 193, 193, 256, 256
35.1388, 129, 1, 192, 16
35.0187, 185, 265, 248, 280
35.015, 217, 169, 248, 232
34.6877, 129, 181, 192, 212
34.3457, 195, 241, 210, 300
34.342, 137, 193, 168, 224
34.342, 171, 225, 186, 288
34.3383, 233, 227, 296, 242
34.3347, 197, 177, 228, 300
34.233, 209, 265, 240, 296
34.1128, 153, 211, 216, 226
34.0185, 257, 137, 320, 200
33.8983, 209, 233, 240, 264
33.6802, 281, 21, 344, 52
33.6765, 129, 233, 192, 264
33.6728, 1, 201, 256, 264
33.4509, 241, 145, 304, 176
33.4362, 201, 193, 232, 224
33.3345, 157, 189, 188, 220
33.3308, 225, 209, 240, 272
33.3308, 209, 177, 224, 300
33.1237, 197, 101, 228, 132
33.1163, 201, 181, 264, 212
32.9998, 137, 205, 200, 236
32.6689, 233, 215, 296, 230
32.4471, 241, 137, 368, 200
32.436, 145, 177, 272, 300
32.4323, 177, 191, 240, 206
32.3269, 277, 61, 308, 92
32.2068, 193, 203, 256, 218
32.2068, 217, 205, 280, 236
32.1087, 105, 1, 168, 16
32.0977, 173, 253, 204, 284
32.094, 177, 253, 240, 284
31.9886, 133, 181, 164, 212
31.7667, 129, 183, 192, 198
31.7667, 129, 231, 192, 246
31.7631, 229, 269, 260, 300
31.7557, 203, 177, 218, 300
31.665, 273, 45, 336, 60
31.654, 209, 177, 240, 300
31.5264, 193, 193, 256, 224
31.4284, 65, 201, 192, 264
31.312, 193, 265, 256, 296
31.2103, 209, 145, 336, 176
31.0864, 169, 177, 232, 300
31.0753, 129, 177, 384, 300
30.8756, 73, 125, 136, 156
30.8719, 241, 201, 272, 232
30.8609, 137, 177, 200, 300
30.8572, 165, 169, 196, 232
30.6501, 313, 257, 376, 272
30.5336, 201, 241, 264, 300
30.5299, 193, 169, 256, 232
30.4246, 153, 1, 216, 16
30.3044, 205, 253, 236, 284
30.1953, 193, 169, 224, 232
30.1953, 229, 241, 260, 300
30.0825, 97, 181, 224, 212
30.0825, 1, 177, 256, 300
29.9624, 129, 209, 384, 272
29.7369, 229, 229, 260, 260
29.6241, 203, 177, 218, 240
29.6241, 171, 161, 186, 288
29.6204, 161, 193, 288, 224
29.6093, 153, 229, 216, 260
29.4059, 225, 241, 256, 272
29.3985, 161, 185, 288, 248
29.3005, 249, 221, 312, 236
29.3005, 193, 97, 256, 128
29.1841, 235, 225, 250, 288
29.1841, 241, 225, 256, 288
29.1841, 277, 49, 308, 112
29.1804, 201, 241, 264, 256
29.1804, 163, 177, 178, 300
29.173, 169, 177, 184, 240
29.075, 257, 1, 384, 32
29.0676, 209, 241, 240, 300
28.7404, 201, 195, 264, 210
28.7367, 177, 153, 304, 216
28.733, 129, 211, 192, 226
28.7293, 121, 185, 184, 248
28.6165, 157, 177, 188, 208
28.5111, 129, 243, 192, 258
28.293, 265, 113, 328, 240
28.1839, 265, 251, 328, 266
28.1691, 97, 177, 224, 300
28.06, 201, 283, 264, 298
28.0564, 97, 205, 224, 236
28.049, 253, 177, 268, 300
27.9473, 237, 177, 252, 300
27.9436, 225, 193, 256, 256
27.8308, 253, 225, 284, 256
27.6126, 209, 181, 240, 212
27.6126, 129, 153, 192, 216
27.609, 221, 253, 252, 284
27.4999, 185, 273, 248, 288
27.4962, 217, 241, 232, 300
27.4925, 121, 177, 152, 208
27.3908, 257, 33, 384, 96
27.3871, 137, 225, 200, 240
27.3871, 129, 249, 192, 264
27.3871, 177, 233, 304, 296
27.2743, 81, 233, 208, 264
27.2743, 145, 185, 176, 248
27.2669, 181, 169, 212, 232
27.1652, 129, 169, 144, 232
27.1616, 209, 249, 336, 280
26.9434, 93, 1, 124, 256
26.9397, 217, 177, 232, 300
26.9323, 181, 265, 212, 296
26.9286, 129, 161, 256, 224
26.8269, 89, 177, 152, 208
26.8196, 153, 177, 216, 208
26.7179, 129, 169, 192, 200
26.6014, 181, 169, 196, 232
26.5977, 195, 161, 210, 224
26.3795, 253, 205, 284, 236
26.3795, 229, 217, 260, 280
26.3722, 201, 253, 264, 284
26.252, 169, 169, 232, 232
26.1503, 313, 251, 376, 266
26.1503, 227, 177, 242, 300
26.1429, 157, 161, 188, 288
26.0375, 157, 209, 188, 240
26.0375, 217, 193, 280, 256
25.9248, 1, 177, 400, 300
25.8194, 149, 237, 180, 268
25.8157, 57, 53, 120, 84
25.6955, 193, 249, 256, 264
25.4847, 197, 173, 228, 204
25.4774, 225, 237, 288, 252
25.47, 187, 169, 202, 232
25.372, 249, 67, 312, 82
25.3572, 273, 259, 336, 274
25.2555, 253, 177, 284, 300
25.2518, 137, 233, 200, 296
25.2481, 153, 255, 216, 270
25.1427, 1, 145, 400, 208
25.139, 105, 195, 168, 210
25.03, 233, 229, 296, 260
24.9246, 81, 245, 208, 276
24.9172, 217, 193, 280, 224
24.9135, 213, 193, 244, 224
24.786, 241, 213, 272, 244
24.699, 161, 241, 192, 300
24.6806, 217, 193, 232, 256
24.5715, 161, 261, 224, 276
24.4698, 57, 63, 120, 78
24.4698, 193, 145, 224, 176
24.3607, 241, 205, 304, 236
24.3533, 145, 181, 272, 212
24.3533, 129, 261, 256, 292
24.3496, 201, 259, 264, 274
24.2479, 193, 99, 256, 114
24.1315, 129, 145, 144, 208
23.9059, 225, 229, 352, 260
23.7969, 129, 145, 160, 208
23.7932, 125, 169, 156, 232
23.6878, 185, 169, 216, 200
23.6841, 253, 217, 268, 280
23.5713, 237, 241, 268, 272
23.3421, 231, 193, 246, 256
23.233, 57, 31, 120, 46
23.233, 157, 185, 172, 248
23.1202, 1, 117, 128, 148
23.0075, 141, 205, 172, 236
23.0075, 225, 233, 240, 296
22.9021, 65, 137, 192, 168
22.8984, 193, 209, 320, 240
22.8947, 209, 275, 272, 290
22.8947, 113, 205, 176, 236
22.6802, 115, 129, 130, 192
22.6728, 209, 269, 272, 284
22.6728, 133, 169, 164, 200
22.6728, 129, 245, 192, 276
22.6691, 89, 169, 152, 232
22.5638, 161, 275, 224, 290
22.5601, 129, 241, 256, 300
22.4473, 193, 177, 320, 300
22.4399, 97, 185, 352, 248
22.4288, 225, 221, 288, 236
22.3345, 163, 161, 178, 224
22.2254, 97, 221, 224, 252
22.2218, 169, 173, 200, 204
22.1127, 109, 185, 140, 216
22.109, 225, 177, 240, 240
22.1053, 121, 189, 184, 204
22.0036, 193, 181, 320, 212
21.9962, 135, 177, 150, 240
21.8871, 89, 189, 152, 220
21.8834, 229, 193, 260, 224
21.8834, 97, 233, 352, 296
21.778, 249, 177, 312, 300
21.7707, 121, 161, 136, 224
21.6653, 185, 185, 248, 200
21.5525, 217, 203, 280, 218
21.5488, 89, 179, 152, 194
21.5451, 233, 257, 264, 288
21.5414, 233, 217, 296, 248
21.4471, 265, 237, 328, 268
21.4434, 81, 1, 144, 16
21.4434, 97, 153, 352, 216
21.4397, 145, 177, 176, 300
21.436, 147, 185, 162, 248
21.3307, 257, 249, 320, 280
21.327, 273, 1, 400, 300
21.3196, 247, 241, 262, 300
21.2142, 273, 69, 336, 100
20.9886, 1, 217, 400, 280
20.9813, 145, 217, 208, 232
20.8796, 137, 265, 200, 280
20.8796, 113, 209, 176, 272
20.8759, 233, 147, 296, 162
20.8759, 141, 153, 172, 216
20.8722, 177, 261, 304, 292
20.7705, 313, 253, 376, 284
20.7705, 257, 41, 384, 72
20.7668, 165, 225, 180, 288
20.654, 267, 145, 282, 208
20.6503, 153, 153, 184, 216
20.5486, 129, 41, 144, 104
20.5449, 177, 1, 240, 16
20.5449, 265, 49, 328, 80
20.4285, 57, 69, 120, 84
20.4174, 193, 269, 224, 300
20.3194, 153, 269, 216, 300
20.3194, 65, 81, 128, 208
20.3157, 241, 7, 304, 22
20.3157, 125, 201, 156, 232
20.2029, 241, 233, 272, 296
20.2029, 233, 233, 296, 296
20.0939, 217, 169, 280, 232
19.9774, 169, 153, 184, 216
19.7555, 121, 175, 184, 190
19.6428, 225, 245, 288, 276
19.6428, 113, 169, 240, 200
19.4209, 313, 241, 376, 272
19.4172, 177, 285, 240, 300
19.4172, 125, 193, 156, 256
19.4135, 313, 161, 328, 288
19.1917, 49, 177, 176, 208
19.0826, 175, 153, 190, 216
19.0789, 289, 249, 352, 264
18.9698, 243, 185, 258, 248
18.9661, 247, 217, 262, 280
18.8571, 277, 73, 308, 104
18.8571, 57, 65, 120, 96
18.7443, 145, 257, 208, 288
18.6352, 213, 105, 244, 136
18.6352, 81, 233, 208, 296
18.6315, 147, 153, 162, 216
18.6315, 157, 153, 172, 216
18.5224, 177, 169, 240, 200
18.5224, 241, 209, 368, 240
18.5224, 145, 209, 176, 272
18.5187, 225, 249, 288, 264
18.5151, 121, 189, 152, 220
18.1841, 281, 257, 344, 288
18.1841, 273, 13, 400, 44
18.075, 289, 233, 352, 264
18.0713, 225, 209, 288, 224
18.0713, 225, 243, 288, 258
17.9586, 57, 75, 120, 90
17.9549, 145, 173, 176, 204
17.8458, 217, 265, 280, 296
17.7367, 185, 147, 248, 162
17.733, 157, 177, 172, 300
17.624, 245, 253, 276, 284
17.3984, 109, 173, 140, 204
17.2893, 321, 177, 336, 300
17.1766, 105, 169, 136, 232
17.1729, 81, 153, 208, 216
17.1655, 237, 193, 252, 256
17.0675, 273, 51, 336, 66
17.0638, 121, 219, 184, 234
16.9473, 169, 265, 200, 296
16.9473, 209, 185, 336, 248
16.9436, 161, 183, 224, 198
16.8309, 141, 169, 156, 232
16.609, 249, 237, 280, 268
16.5036, 209, 193, 336, 224
16.4999, 249, 233, 312, 248
16.4962, 241, 209, 272, 272
16.3908, 201, 1, 264, 16
16.2781, 129, 193, 144, 256
16.2744, 65, 193, 192, 224
16.2744, 49, 177, 176, 240
16.2707, 1, 233, 256, 296
16.1653, 225, 261, 288, 276
16.0525, 249, 257, 312, 272
16.0488, 209, 209, 336, 272
15.9398, 241, 193, 304, 256
15.9398, 49, 177, 176, 300
15.8307, 145, 225, 176, 256
15.7179, 225, 1, 288, 16
15.7142, 297, 263, 360, 278
15.7142, 259, 177, 274, 300
15.4924, 249, 149, 280, 180
15.4887, 145, 177, 208, 192
15.4887, 281, 25, 344, 88
15.3759, 265, 57, 328, 72
15.2705, 373, 129, 388, 256
15.1577, 107, 57, 122, 120
15.0376, 97, 185, 160, 200
15.0339, 89, 201, 152, 216
14.9285, 81, 195, 144, 210
14.9285, 253, 241, 268, 300
14.9285, 113, 177, 176, 300
14.9248, 245, 265, 276, 296
14.8194, 221, 153, 252, 184
14.8194, 361, 177, 376, 300
14.8157, 1, 153, 256, 216
14.7066, 161, 145, 224, 160
14.5976, 363, 129, 378, 256
14.5939, 153, 165, 216, 196
14.5902, 129, 139, 192, 154
14.5717, 217, 177, 280, 300
14.4811, 107, 49, 122, 176
14.4774, 97, 207, 160, 222
14.3683, 25, 1, 88, 16
14.3683, 373, 177, 388, 300
14.361, 117, 145, 148, 208
14.2556, 159, 209, 174, 272
14.2519, 135, 145, 150, 208
14.0337, 209, 149, 272, 164
14.03, 225, 255, 288, 270
13.9172, 251, 193, 266, 256
13.9172, 149, 233, 180, 296
13.6954, 157, 141, 188, 172
13.6954, 119, 185, 134, 248
13.6917, 257, 249, 384, 280
13.6917, 231, 169, 246, 232
13.4699, 233, 169, 264, 232
13.3608, 81, 257, 208, 288
13.3608, 111, 97, 126, 224
13.3571, 257, 221, 320, 252
13.2443, 307, 177, 322, 300
13.1352, 157, 165, 188, 196
13.1352, 161, 149, 288, 180
13.0225, 161, 169, 288, 200
12.906, 149, 177, 164, 300
12.7932, 253, 241, 284, 300
12.6841, 233, 97, 264, 128
12.6805, 105, 137, 136, 200
12.5788, 349, 129, 380, 256
12.5788, 369, 129, 400, 256
12.5714, 157, 261, 188, 292
12.5714, 141, 177, 156, 300
12.466, 273, 1, 400, 128
12.4586, 259, 233, 274, 296
12.3458, 89, 201, 152, 232
12.3384, 1, 169, 400, 232
12.2367, 193, 149, 256, 180
12.2367, 241, 145, 368, 272
12.2294, 121, 165, 152, 196
12.124, 161, 145, 224, 176
12.1129, 1, 177, 256, 240
11.8984, 121, 157, 184, 188
11.7894, 345, 177, 376, 300
11.6766, 193, 157, 224, 188
11.6729, 135, 177, 150, 300
11.5601, 129, 177, 144, 300
11.4547, 217, 165, 248, 196
11.451, 265, 177, 280, 300
11.4473, 113, 145, 240, 176
11.3346, 253, 201, 284, 264
11.2255, 225, 269, 352, 300
11.1997, 241, 177, 272, 300
11.1127, 73, 165, 136, 196
10.9999, 369, 177, 400, 300
10.9963, 141, 193, 156, 256
10.8909, 107, 81, 122, 144
10.7744, 257, 253, 288, 284
10.7744, 115, 161, 130, 224
10.7707, 313, 249, 344, 280
10.6653, 265, 217, 296, 248
10.6506, 1, 193, 400, 256
10.5599, 257, 57, 384, 88
10.5526, 173, 161, 204, 192
10.4398, 113, 205, 144, 236
10.4398, 89, 161, 152, 288
10.4361, 313, 225, 344, 288
10.327, 121, 141, 184, 172
10.327, 49, 205, 176, 236
9.9887, 109, 161, 140, 192
9.9887, 273, 225, 400, 256
9.9887, 267, 225, 282, 288
9.87592, 257, 225, 320, 288
9.76684, 257, 217, 384, 280
9.65407, 133, 157, 164, 188
9.64669, 1, 241, 400, 300
9.5413, 261, 237, 292, 268
9.5413, 105, 33, 120, 96
9.42853, 241, 261, 304, 292
9.42853, 33, 153, 160, 216
9.31576, 225, 241, 352, 300
9.31576, 133, 177, 164, 300
9.20668, 289, 165, 320, 196
9.20298, 89, 193, 152, 256
9.1956, 89, 145, 152, 208
8.98113, 277, 173, 308, 204
8.98113, 73, 153, 136, 184
8.98113, 17, 189, 144, 220
8.97744, 313, 217, 328, 280
8.75559, 237, 169, 252, 232
8.75559, 297, 209, 328, 272
8.75559, 265, 193, 328, 256
8.7519, 297, 241, 328, 272
8.74821, 97, 161, 160, 192
8.64282, 309, 261, 340, 292
8.53374, 265, 153, 296, 184
8.53374, 285, 153, 316, 184
8.53005, 97, 137, 160, 168
8.52635, 135, 201, 150, 264
8.42097, 261, 165, 292, 196
8.30819, 97, 149, 160, 180
8.19542, 121, 209, 136, 272
8.19542, 149, 209, 164, 272
8.19173, 315, 241, 330, 300
8.08265, 249, 169, 264, 232
8.08265, 293, 241, 324, 300
8.08265, 257, 193, 384, 256
8.08265, 105, 1, 120, 128
7.96988, 89, 73, 120, 136
7.96988, 245, 177, 276, 240
7.85711, 89, 89, 120, 120
7.85711, 313, 237, 344, 268
7.85711, 257, 153, 288, 216
7.74434, 293, 253, 324, 284
7.74434, 65, 169, 128, 232
7.63156, 257, 269, 288, 300
7.63156, 257, 193, 272, 256
7.63156, 313, 177, 344, 300
7.52248, 309, 201, 340, 264
7.51879, 97, 165, 128, 196
7.51879, 273, 177, 336, 300
7.40602, 265, 225, 296, 288
7.29694, 113, 157, 240, 188
7.29694, 121, 217, 152, 280
7.18417, 105, 133, 136, 164
7.18417, 97, 153, 128, 184
7.18417, 125, 213, 156, 244
7.18417, 109, 105, 124, 168
7.18417, 127, 217, 142, 280
7.17679, 205, 149, 236, 180
7.07509, 121, 153, 152, 184
7.0714, 17, 161, 144, 192
6.96232, 277, 129, 292, 192
6.96232, 287, 169, 302, 232
6.84585, 149, 249, 180, 280
6.73677, 89, 213, 152, 244
6.73677, 265, 177, 296, 300
6.624, 169, 145, 200, 176
6.624, 325, 241, 356, 272
6.624, 313, 177, 376, 300
6.62031, 113, 193, 144, 256
6.51123, 237, 153, 268, 184
6.51123, 145, 161, 176, 192
6.51123, 121, 257, 184, 288
6.40215, 57, 1, 120, 300
6.39846, 97, 177, 128, 208
6.39846, 241, 189, 304, 220
6.39846, 105, 9, 120, 72
6.39846, 275, 233, 290, 296
6.39846, 275, 177, 290, 300
6.28938, 285, 169, 316, 232
6.28569, 89, 25, 120, 56
6.28569, 57, 105, 120, 136
6.28569, 267, 193, 282, 256
6.28569, 123, 161, 138, 288
6.17291, 229, 181, 260, 212
6.17291, 301, 229, 332, 260
6.06383, 129, 269, 192, 300
6.06383, 287, 129, 302, 192
6.06383, 277, 169, 292, 232
6.06383, 305, 209, 320, 272
6.06383, 279, 1, 294, 128
6.06014, 113, 233, 176, 296
5.83829, 109, 169, 124, 232
5.83829, 277, 121, 308, 184
5.83829, 241, 169, 304, 232
5.8346, 121, 177, 152, 300
5.72552, 217, 153, 280, 184
5.72552, 319, 217, 334, 280
5.72552, 265, 193, 296, 256
5.72183, 307, 241, 322, 300
5.61275, 65, 145, 128, 208
5.61275, 89, 49, 120, 176
5.49997, 133, 141, 164, 172
5.3872, 145, 265, 176, 296
5.3872, 109, 145, 124, 208
5.16535, 265, 269, 328, 300
5.16166, 273, 237, 400, 268
5.05258, 65, 153, 192, 184
5.05258, 289, 137, 320, 200
4.93981, 109, 149, 140, 180
4.93981, 241, 189, 272, 220
4.93981, 281, 217, 344, 280
4.93981, 293, 161, 324, 288
4.82704, 85, 157, 116, 188
4.82704, 361, 201, 392, 232
4.82704, 369, 225, 400, 256
4.82704, 265, 209, 328, 240
4.82704, 1, 173, 128, 204
4.82704, 159, 241, 174, 300
4.82704, 101, 193, 132, 256
4.71426, 69, 253, 100, 284
4.71426, 273, 169, 304, 232
4.60518, 225, 161, 352, 224
4.5978, 65, 165, 192, 196
4.37226, 313, 229, 376, 260
4.1541, 105, 145, 136, 272
4.04133, 273, 269, 400, 300
4.04133, 275, 193, 290, 256
4.04133, 141, 217, 156, 280
4.04133, 89, 1, 120, 64
4.04133, 285, 217, 316, 280
4.04133, 325, 217, 356, 280
4.04133, 305, 217, 368, 280
4.04133, 327, 177, 342, 300
4.04133, 1, 97, 128, 224
3.92855, 25, 237, 88, 268
3.92855, 65, 253, 128, 284
3.92855, 297, 269, 360, 300
3.92855, 243, 161, 258, 224
3.92855, 325, 209, 340, 272
3.92855, 117, 145, 132, 272
3.92855, 325, 177, 356, 300
3.81578, 81, 269, 208, 300
3.81578, 1, 145, 128, 272
3.81209, 273, 29, 400, 60
3.70301, 49, 221, 176, 252
3.48116, 65, 189, 128, 220
3.47747, 17, 201, 144, 264
3.36839, 281, 233, 296, 296
3.36839, 133, 217, 164, 280
3.25561, 313, 193, 328, 256
3.25561, 49, 145, 112, 272
3.14284, 49, 173, 112, 204
3.14284, 103, 121, 118, 184
3.14284, 101, 177, 116, 240
3.14284, 301, 241, 316, 300
3.14284, 57, 209, 88, 272
3.14284, 329, 233, 392, 296
3.14284, 67, 177, 82, 300
3.14284, 301, 177, 316, 300
3.14284, 41, 33, 72, 288
3.14284, 25, 33, 88, 288
3.03007, 49, 161, 112, 192
3.03007, 321, 265, 384, 296
3.03007, 325, 241, 340, 300
3.03007, 93, 161, 124, 224
3.03007, 277, 241, 308, 300
2.9173, 93, 137, 124, 200
2.9173, 281, 177, 296, 300
2.69545, 277, 193, 308, 256
2.69176, 93, 113, 124, 176
2.58268, 1, 177, 128, 240
2.4699, 373, 185, 388, 248
2.4699, 363, 217, 378, 280
2.4699, 277, 177, 308, 300
2.4699, 17, 177, 80, 300
2.4699, 77, 33, 108, 288
2.35713, 281, 1, 312, 64
2.35713, 73, 241, 104, 300
2.35713, 65, 193, 128, 256
2.35713, 309, 129, 340, 256
2.35713, 49, 177, 80, 300
2.35713, 297, 129, 360, 256
2.35713, 301, 33, 332, 288
2.35713, 313, 33, 344, 288
2.35344, 307, 129, 322, 256
2.24436, 65, 201, 128, 232
2.24436, 105, 225, 168, 256
2.24436, 281, 65, 344, 128
2.24436, 277, 129, 292, 256
2.24436, 33, 1, 96, 300
2.13159, 265, 197, 328, 228
2.13159, 255, 169, 270, 232
2.13159, 325, 241, 356, 300
2.13159, 281, 241, 344, 300
1.90974, 281, 1, 344, 300
1.80066, 281, 1, 344, 256
1.79696, 17, 253, 80, 284
1.79696, 89, 217, 152, 280
1.79696, 65, 225, 128, 288
1.79327, 93, 97, 124, 224
1.68419, 73, 241, 136, 272
1.68419, 41, 261, 104, 292
1.68419, 257, 197, 384, 228
1.68419, 97, 129, 112, 192
1.68419, 283, 193, 298, 256
1.68419, 361, 193, 376, 256
1.68419, 61, 145, 92, 272
1.57142, 225, 177, 288, 208
1.57142, 289, 189, 352, 220
1.57142, 49, 233, 112, 264
1.57142, 105, 245, 168, 276
1.57142, 337, 253, 400, 284
1.57142, 89, 261, 152, 292
1.57142, 33, 257, 160, 288
1.57142, 95, 161, 110, 224
1.57142, 367, 177, 382, 240
1.57142, 71, 201, 86, 264
1.57142, 373, 209, 388, 272
1.57142, 65, 217, 80, 280
1.57142, 77, 217, 92, 280
1.57142, 331, 225, 346, 288
1.57142, 371, 233, 386, 296
1.57142, 65, 241, 80, 300
1.57142, 77, 241, 92, 300
1.57142, 313, 177, 344, 240
1.57142, 109, 217, 140, 280
1.57142, 45, 225, 76, 288
1.57142, 305, 177, 368, 240
1.57142, 17, 225, 80, 288
1.57142, 101, 81, 116, 208
1.57142, 75, 129, 90, 256
1.57142, 103, 145, 118, 272
1.57142, 287, 145, 302, 272
1.57142, 109, 161, 124, 288
1.57142, 77, 177, 92, 300
1.57142, 333, 177, 348, 300
1.57142, 73, 177, 104, 300
1.57142, 53, 33, 84, 288
1.57142, 65, 33, 96, 288
1.56773, 257, 145, 384, 176
1.45865, 33, 233, 160, 264
1.45865, 113, 193, 128, 256
1.45865, 289, 153, 352, 216
1.45865, 1, 225, 128, 288
1.45865, 281, 33, 312, 288
1.34588, 41, 185, 104, 216
1.34588, 101, 153, 116, 216
1.34588, 41, 233, 104, 296
1.34588, 273, 169, 400, 232
1.34588, 277, 81, 308, 208
1.12403, 1, 121, 128, 184
1.12403, 281, 1, 312, 128
0.898482, 281, 177, 344, 208
0.898482, 281, 221, 344, 252
0.898482, 1, 201, 128, 232
0.898482, 309, 153, 340, 216
0.898482, 77, 217, 108, 280
0.898482, 41, 209, 104, 272
0.898482, 69, 129, 84, 256
0.898482, 61, 177, 76, 300
0.898482, 73, 129, 104, 256
0.898482, 93, 161, 124, 288
0.898482, 313, 33, 376, 288
0.898482, 9, 1, 72, 300
0.894791, 265, 145, 328, 176
0.789402, 319, 129, 334, 256
0.785711, 249, 173, 312, 204
0.785711, 41, 201, 104, 232
0.785711, 57, 213, 120, 244
0.785711, 81, 137, 112, 200
0.785711, 81, 161, 112, 224
0.785711, 73, 193, 104, 256
0.785711, 137, 241, 168, 300
0.785711, 337, 241, 368, 300
0.785711, 41, 145, 104, 208
0.785711, 41, 169, 104, 232
0.785711, 89, 241, 152, 300
0.785711, 29, 33, 60, 288
0.785711, 1, 33, 64, 288
0.785711, 321, 1, 384, 300
0.672939, 73, 229, 136, 260
0.672939, 281, 129, 312, 256
0.447396, 17, 149, 144, 180
0.447396, 61, 241, 92, 300
0.447396, 265, 161, 328, 224
0.334624, 41, 249, 104, 280
0.334624, 305, 241, 368, 300
0.334624, 273, 241, 400, 300
0.330933, 1, 129, 128, 160
0.225543, 357, 129, 372, 256
0.112772, 289, 201, 352, 232
0.112772, 17, 265, 80, 296
0.112772, 325, 33, 356, 288
0, 313, 73, 376, 104
0, 289, 81, 352, 112
0, 337, 81, 400, 112
0, 1, 85, 64, 116
0, 25, 85, 88, 116
0, 49, 85, 112, 116
0, 313, 85, 376, 116
0, 289, 93, 352, 124
0, 337, 93, 400, 124
0, 9, 97, 72, 128
0, 33, 97, 96, 128
0, 313, 97, 376, 128
0, 289, 105, 352, 136
0, 337, 105, 400, 136
0, 9, 109, 72, 140
0, 33, 109, 96, 140
0, 313, 109, 376, 140
0, 289, 117, 352, 148
0, 337, 117, 400, 148
0, 1, 121, 64, 152
0, 25, 121, 88, 152
0, 313, 121, 376, 152
0, 49, 125, 112, 156
0, 289, 129, 352, 160
0, 337, 129, 400, 160
0, 1, 133, 64, 164
0, 25, 133, 88, 164
0, 313, 133, 376, 164
0, 49, 137, 112, 168
0, 73, 137, 136, 168
0, 289, 141, 352, 172
0, 337, 141, 400, 172
0, 1, 145, 64, 176
0, 25, 145, 88, 176
0, 313, 145, 376, 176
0, 49, 149, 112, 180
0, 289, 153, 352, 184
0, 337, 153, 400, 184
0, 1, 157, 64, 188
0, 25, 157, 88, 188
0, 313, 157, 376, 188
0, 265, 161, 328, 192
0, 225, 165, 288, 196
0, 289, 165, 352, 196
0, 337, 165, 400, 196
0, 1, 169, 64, 200
0, 25, 169, 88, 200
0, 313, 169, 376, 200
0, 337, 177, 400, 208
0, 17, 181, 80, 212
0, 313, 181, 376, 212
0, 337, 189, 400, 220
0, 17, 193, 80, 224
0, 313, 193, 376, 224
0, 337, 201, 400, 232
0, 17, 205, 80, 236
0, 313, 205, 376, 236
0, 337, 213, 400, 244
0, 9, 217, 72, 248
0, 313, 217, 376, 248
0, 33, 221, 96, 252
0, 337, 225, 400, 256
0, 1, 229, 64, 260
0, 337, 237, 400, 268
0, 1, 241, 64, 272
0, 65, 269, 128, 300
0, 225, 157, 352, 188
0, 273, 161, 400, 192
0, 225, 169, 352, 200
0, 273, 173, 400, 204
0, 273, 185, 400, 216
0, 1, 221, 128, 252
0, 33, 269, 160, 300
0, 333, 49, 364, 112
0, 345, 49, 376, 112
0, 357, 49, 388, 112
0, 369, 49, 400, 112
0, 65, 57, 96, 120
0, 309, 57, 340, 120
0, 321, 57, 352, 120
0, 77, 65, 108, 128
0, 297, 65, 328, 128
0, 5, 73, 36, 136
0, 17, 73, 48, 136
0, 29, 73, 60, 136
0, 41, 73, 72, 136
0, 53, 73, 84, 136
0, 285, 73, 316, 136
0, 333, 73, 364, 136
0, 345, 73, 376, 136
0, 357, 73, 388, 136
0, 369, 73, 400, 136
0, 65, 81, 96, 144
0, 309, 81, 340, 144
0, 321, 81, 352, 144
0, 77, 89, 108, 152
0, 297, 89, 328, 152
0, 9, 97, 40, 160
0, 21, 97, 52, 160
0, 33, 97, 64, 160
0, 45, 97, 76, 160
0, 285, 97, 316, 160
0, 333, 97, 364, 160
0, 345, 97, 376, 160
0, 357, 97, 388, 160
0, 369, 97, 400, 160
0, 57, 105, 88, 168
0, 309, 105, 340, 168
0, 321, 105, 352, 168
0, 69, 113, 100, 176
0, 81, 113, 112, 176
0, 297, 113, 328, 176
0, 9, 121, 40, 184
0, 21, 121, 52, 184
0, 33, 121, 64, 184
0, 45, 121, 76, 184
0, 333, 121, 364, 184
0, 345, 121, 376, 184
0, 357, 121, 388, 184
0, 369, 121, 400, 184
0, 57, 129, 88, 192
0, 309, 129, 340, 192
0, 321, 129, 352, 192
0, 69, 137, 100, 200
0, 9, 145, 40, 208
0, 21, 145, 52, 208
0, 33, 145, 64, 208
0, 45, 145, 76, 208
0, 333, 145, 364, 208
0, 345, 145, 376, 208
0, 357, 145, 388, 208
0, 369, 145, 400, 208
0, 57, 153, 88, 216
0, 321, 153, 352, 216
0, 69, 161, 100, 224
0, 297, 161, 328, 224
0, 1, 169, 32, 232
0, 13, 169, 44, 232
0, 25, 169, 56, 232
0, 37, 169, 68, 232
0, 333, 169, 364, 232
0, 345, 169, 376, 232
0, 357, 169, 388, 232
0, 369, 169, 400, 232
0, 49, 177, 80, 240
0, 61, 185, 92, 248
0, 297, 185, 328, 248
0, 9, 193, 40, 256
0, 21, 193, 52, 256
0, 33, 193, 64, 256
0, 89, 193, 120, 256
0, 333, 193, 364, 256
0, 345, 193, 376, 256
0, 357, 193, 388, 256
0, 369, 193, 400, 256
0, 45, 201, 76, 264
0, 9, 217, 40, 280
0, 21, 217, 52, 280
0, 33, 217, 64, 280
0, 97, 217, 128, 280
0, 345, 217, 376, 280
0, 357, 217, 388, 280
0, 369, 217, 400, 280
0, 9, 241, 40, 300
0, 21, 241, 52, 300
0, 33, 241, 64, 300
0, 89, 241, 120, 300
0, 101, 241, 132, 300
0, 113, 241, 144, 300
0, 125, 241, 156, 300
0, 357, 241, 388, 300
0, 369, 241, 400, 300
0, 49, 1, 112, 64
0, 289, 1, 352, 64
0, 1, 9, 64, 72
0, 25, 9, 88, 72
0, 313, 9, 376, 72
0, 337, 17, 400, 80
0, 49, 25, 112, 88
0, 1, 33, 64, 96
0, 25, 33, 88, 96
0, 313, 33, 376, 96
0, 337, 41, 400, 104
0, 49, 49, 112, 112
0, 1, 57, 64, 120
0, 25, 57, 88, 120
0, 313, 57, 376, 120
0, 337, 65, 400, 128
0, 49, 73, 112, 136
0, 1, 81, 64, 144
0, 25, 81, 88, 144
0, 313, 81, 376, 144
0, 337, 89, 400, 152
0, 49, 97, 112, 160
0, 17, 105, 80, 168
0, 289, 105, 352, 168
0, 313, 105, 376, 168
0, 337, 113, 400, 176
0, 41, 121, 104, 184
0, 17, 129, 80, 192
0, 289, 129, 352, 192
0, 313, 129, 376, 192
0, 337, 137, 400, 200
0, 17, 153, 80, 216
0, 313, 153, 376, 216
0, 337, 161, 400, 224
0, 17, 177, 80, 240
0, 337, 185, 400, 248
0, 9, 201, 72, 264
0, 337, 209, 400, 272
0, 289, 1, 304, 128
0, 313, 17, 328, 144
0, 3, 33, 18, 160
0, 9, 33, 24, 160
0, 15, 33, 30, 160
0, 21, 33, 36, 160
0, 27, 33, 42, 160
0, 33, 33, 48, 160
0, 39, 33, 54, 160
0, 45, 33, 60, 160
0, 51, 33, 66, 160
0, 57, 33, 72, 160
0, 63, 33, 78, 160
0, 69, 33, 84, 160
0, 75, 33, 90, 160
0, 81, 33, 96, 160
0, 87, 33, 102, 160
0, 93, 33, 108, 160
0, 99, 33, 114, 160
0, 295, 33, 310, 160
0, 301, 33, 316, 160
0, 307, 33, 322, 160
0, 319, 33, 334, 160
0, 325, 33, 340, 160
0, 331, 33, 346, 160
0, 337, 33, 352, 160
0, 343, 33, 358, 160
0, 349, 33, 364, 160
0, 355, 33, 370, 160
0, 361, 33, 376, 160
0, 367, 33, 382, 160
0, 373, 33, 388, 160
0, 379, 33, 394, 160
0, 385, 33, 400, 160
0, 283, 49, 298, 176
0, 289, 49, 304, 176
0, 313, 65, 328, 192
0, 5, 81, 20, 208
0, 11, 81, 26, 208
0, 17, 81, 32, 208
0, 23, 81, 38, 208
0, 29, 81, 44, 208
0, 35, 81, 50, 208
0, 41, 81, 56, 208
0, 47, 81, 62, 208
0, 53, 81, 68, 208
0, 59, 81, 74, 208
0, 65, 81, 80, 208
0, 71, 81, 86, 208
0, 77, 81, 92, 208
0, 83, 81, 98, 208
0, 89, 81, 104, 208
0, 95, 81, 110, 208
0, 295, 81, 310, 208
0, 301, 81, 316, 208
0, 307, 81, 322, 208
0, 319, 81, 334, 208
0, 325, 81, 340, 208
0, 331, 81, 346, 208
0, 337, 81, 352, 208
0, 343, 81, 358, 208
0, 349, 81, 364, 208
0, 355, 81, 370, 208
0, 361, 81, 376, 208
0, 367, 81, 382, 208
0, 373, 81, 388, 208
0, 379, 81, 394, 208
0, 385, 81, 400, 208
0, 283, 97, 298, 224
0, 289, 97, 304, 224
0, 313, 113, 328, 240
0, 3, 129, 18, 256
0, 9, 129, 24, 256
0, 15, 129, 30, 256
0, 21, 129, 36, 256
0, 27, 129, 42, 256
0, 33, 129, 48, 256
0, 39, 129, 54, 256
0, 45, 129, 60, 256
0, 51, 129, 66, 256
0, 57, 129, 72, 256
0, 63, 129, 78, 256
0, 85, 129, 100, 256
0, 91, 129, 106, 256
0, 97, 129, 112, 256
0, 295, 129, 310, 256
0, 301, 129, 316, 256
0, 327, 129, 342, 256
0, 333, 129, 348, 256
0, 339, 129, 354, 256
0, 345, 129, 360, 256
0, 351, 129, 366, 256
0, 379, 129, 394, 256
0, 385, 129, 400, 256
0, 1, 177, 16, 300
0, 7, 177, 22, 300
0, 13, 177, 28, 300
0, 19, 177, 34, 300
0, 25, 177, 40, 300
0, 31, 177, 46, 300
0, 37, 177, 52, 300
0, 43, 177, 58, 300
0, 49, 177, 64, 300
0, 55, 177, 70, 300
0, 85, 177, 100, 300
0, 91, 177, 106, 300
0, 97, 177, 112, 300
0, 295, 177, 310, 300
0, 343, 177, 358, 300
0, 349, 177, 364, 300
0, 355, 177, 370, 300
0, 379, 177, 394, 300
0, 385, 177, 400, 300
0, 65, 1, 96, 128
0, 297, 17, 328, 144
0, 5, 33, 36, 160
0, 17, 33, 48, 160
0, 29, 33, 60, 160
0, 41, 33, 72, 160
0, 53, 33, 84, 160
0, 77, 33, 108, 160
0, 309, 33, 340, 160
0, 321, 33, 352, 160
0, 333, 33, 364, 160
0, 345, 33, 376, 160
0, 357, 33, 388, 160
0, 369, 33, 400, 160
0, 65, 49, 96, 176
0, 297, 65, 328, 192
0, 1, 81, 32, 208
0, 13, 81, 44, 208
0, 25, 81, 56, 208
0, 37, 81, 68, 208
0, 49, 81, 80, 208
0, 77, 81, 108, 208
0, 309, 81, 340, 208
0, 321, 81, 352, 208
0, 333, 81, 364, 208
0, 345, 81, 376, 208
0, 357, 81, 388, 208
0, 369, 81, 400, 208
0, 61, 97, 92, 224
0, 297, 113, 328, 240
0, 9, 129, 40, 256
0, 21, 129, 52, 256
0, 33, 129, 64, 256
0, 45, 129, 76, 256
0, 325, 129, 356, 256
0, 337, 129, 368, 256
0, 1, 177, 32, 300
0, 13, 177, 44, 300
0, 25, 177, 56, 300
0, 37, 177, 68, 300
0, 49, 1, 112, 128
0, 17, 33, 80, 160
0, 289, 33, 352, 160
0, 313, 33, 376, 160
0, 337, 33, 400, 160
0, 41, 49, 104, 176
0, 17, 81, 80, 208
0, 289, 81, 352, 208
0, 313, 81, 376, 208
0, 337, 81, 400, 208
0, 41, 97, 104, 224
0, 17, 129, 80, 256
0, 337, 129, 400, 256
0, 337, 177, 400, 300
0, 5, 33, 36, 288
0, 17, 33, 48, 288
0, 345, 33, 376, 288
0, 357, 33, 388, 288
0, 369, 33, 400, 288
0, 337, 33, 400, 288
-0.225543, 33, 245, 160, 276
-3.15761, 357, 177, 388, 300
-3.83424, 367, 177, 382, 300
