2772
228.623, 1, 17, 256, 80
226.841, 33, 1, 160, 128
219.071, 1, 1, 256, 128
216.743, 65, 1, 320, 300
215.383, 1, 1, 400, 64
215.296, 161, 1, 288, 300
214.732, 41, 17, 104, 80
210.345, 73, 1, 136, 128
208.537, 97, 1, 224, 300
207.439, 65, 33, 320, 288
207.42, 49, 17, 176, 80
207.006, 45, 17, 76, 80
205.183, 93, 1, 124, 128
201.8, 129, 1, 256, 128
199.683, 97, 33, 224, 288
198.239, 205, 37, 220, 52
197.322, 49, 1, 112, 128
197.224, 225, 1, 288, 300
196.894, 201, 1, 264, 300
195.372, 1, 1, 400, 128
194.544, 1, 57, 64, 72
192.514, 49, 17, 64, 80
191.935, 1, 49, 256, 112
190.338, 161, 1, 192, 128
189.996, 217, 1, 248, 64
188.014, 105, 1, 120, 128
187.898, 53, 1, 84, 128
187.879, 153, 1, 216, 64
187.77, 221, 1, 236, 64
187.206, 97, 1, 224, 64
187.086, 137, 1, 200, 128
186.228, 197, 37, 228, 68
186.188, 145, 1, 272, 64
186.075, 105, 1, 168, 128
185.555, 161, 1, 288, 256
185.304, 161, 1, 192, 64
185.071, 177, 1, 208, 64
184.947, 185, 1, 248, 64
184.638, 169, 1, 232, 300
184.093, 1, 45, 64, 76
184.052, 81, 1, 208, 128
183.631, 129, 9, 192, 72
183.42, 113, 33, 176, 288
183.296, 197, 39, 228, 54
182.827, 191, 1, 206, 64
182.645, 57, 17, 72, 80
182.179, 59, 1, 74, 128
181.83, 111, 1, 126, 128
181.762, 33, 25, 160, 56
181.575, 209, 1, 272, 64
181.473, 169, 1, 184, 128
181.409, 129, 41, 256, 104
181.179, 73, 49, 136, 112
181.055, 17, 49, 144, 112
181.026, 141, 1, 172, 128
180.928, 175, 1, 190, 64
180.244, 109, 1, 140, 128
178.72, 45, 29, 60, 44
178.221, 123, 1, 138, 128
177.469, 57, 9, 88, 72
176.646, 173, 1, 204, 128
176.563, 145, 1, 208, 300
176.086, 129, 1, 160, 128
175.984, 185, 1, 200, 64
175.191, 175, 1, 190, 128
174.428, 33, 49, 288, 176
173.725, 155, 1, 170, 128
173.511, 117, 1, 132, 128
172.816, 97, 1, 352, 128
172.71, 241, 1, 272, 128
172.503, 197, 1, 228, 128
172.067, 1, 49, 128, 176
171.714, 133, 1, 148, 128
171.699, 163, 1, 178, 128
171.361, 233, 1, 296, 128
171.255, 193, 1, 256, 128
171.146, 169, 1, 232, 128
171.143, 189, 1, 220, 64
170.834, 121, 49, 184, 176
170.638, 209, 13, 240, 44
170.466, 205, 1, 236, 64
170.011, 177, 1, 304, 128
169.702, 1, 57, 16, 120
169.499, 121, 1, 184, 300
169.477, 169, 1, 184, 64
168.946, 9, 63, 72, 78
168.782, 249, 1, 264, 128
168.233, 269, 1, 284, 128
167.931, 177, 1, 240, 256
167.917, 149, 9, 180, 72
167.604, 177, 13, 304, 44
166.665, 113, 45, 240, 76
166.465, 99, 1, 114, 128
166.327, 147, 1, 162, 128
165.48, 211, 13, 226, 44
165.432, 1, 1, 400, 256
165.424, 265, 1, 296, 128
165.112, 93, 1, 108, 128
165.101, 1, 49, 64, 112
164.85, 213, 1, 228, 64
164.672, 129, 33, 384, 96
164.665, 17, 57, 144, 88
164.665, 163, 9, 178, 72
164.33, 233, 1, 296, 256
164.312, 203, 1, 218, 128
164.3, 65, 49, 192, 176
163.872, 137, 9, 168, 72
163.849, 189, 1, 204, 128
163.846, 197, 1, 212, 64
163.842, 229, 1, 260, 128
163.639, 97, 9, 352, 72
163.45, 197, 33, 228, 96
163.428, 105, 9, 168, 72
163.123, 47, 29, 62, 60
163.075, 141, 1, 156, 128
162.962, 109, 1, 140, 256
162.89, 181, 17, 212, 48
162.762, 177, 41, 240, 72
162.62, 257, 1, 320, 128
162.296, 65, 1, 80, 128
162.075, 145, 49, 272, 176
162.067, 73, 1, 104, 128
161.936, 243, 1, 258, 128
161.875, 45, 41, 76, 72
161.71, 217, 1, 248, 128
161.289, 1, 1, 400, 300
161.045, 181, 1, 196, 128
160.958, 81, 97, 208, 224
160.86, 201, 13, 264, 44
160.736, 1, 25, 64, 88
160.398, 151, 9, 166, 72
160.146, 89, 1, 152, 256
160.067, 1, 57, 64, 88
159.751, 199, 13, 214, 44
159.74, 47, 5, 62, 36
159.605, 85, 1, 100, 128
159.594, 241, 1, 368, 128
159.51, 177, 33, 240, 96
159.274, 85, 133, 100, 148
159.165, 227, 9, 242, 72
159.019, 193, 1, 320, 64
158.684, 231, 1, 246, 128
158.571, 225, 1, 240, 128
158.338, 1, 25, 400, 88
158.176, 233, 13, 296, 44
158.168, 63, 9, 78, 72
157.895, 263, 1, 278, 128
157.364, 125, 9, 156, 72
157.342, 121, 1, 152, 256
157.327, 255, 1, 270, 128
156.92, 133, 9, 148, 72
156.92, 241, 1, 272, 256
156.826, 225, 13, 352, 44
156.807, 89, 129, 120, 192
156.778, 49, 17, 64, 144
156.578, 157, 9, 172, 72
156.266, 153, 17, 216, 48
156.244, 145, 9, 160, 72
155.916, 253, 1, 284, 256
155.702, 47, 17, 62, 32
155.149, 41, 29, 72, 44
155.022, 65, 9, 128, 72
154.41, 253, 1, 284, 128
154.334, 139, 9, 154, 72
153.898, 133, 49, 164, 176
153.428, 113, 73, 176, 136
153.428, 79, 1, 94, 128
153.352, 33, 17, 64, 32
152.842, 185, 1, 216, 128
152.544, 133, 49, 164, 112
152.454, 41, 21, 104, 52
152.33, 141, 33, 172, 288
151.555, 225, 33, 352, 96
151.086, 1, 65, 16, 80
150.951, 65, 49, 192, 112
150.879, 205, 13, 220, 44
150.831, 219, 1, 234, 128
150.766, 41, 37, 104, 68
150.54, 313, 9, 376, 40
150.213, 273, 1, 400, 300
150.136, 205, 1, 220, 64
149.823, 275, 1, 290, 128
149.755, 265, 13, 328, 44
149.699, 237, 1, 252, 128
149.62, 177, 33, 304, 96
149.529, 45, 25, 76, 56
149.529, 273, 13, 400, 44
149.263, 49, 45, 176, 76
149.089, 197, 13, 228, 44
148.925, 229, 17, 260, 80
148.838, 45, 55, 76, 70
148.827, 73, 1, 88, 128
148.725, 177, 45, 240, 60
148.631, 89, 103, 120, 118
148.499, 1, 17, 64, 144
148.496, 127, 17, 142, 80
148.47, 45, 17, 60, 48
148.466, 235, 1, 250, 64
148.466, 197, 1, 212, 128
148.353, 49, 1, 176, 256
148.187, 369, 9, 400, 40
148.172, 37, 1, 68, 32
148.165, 209, 1, 272, 256
147.943, 205, 33, 220, 64
147.921, 97, 1, 160, 300
147.852, 241, 33, 304, 96
147.834, 49, 105, 112, 136
147.834, 93, 129, 108, 192
147.801, 113, 41, 176, 104
147.714, 9, 69, 24, 100
147.623, 341, 9, 372, 40
147.39, 69, 9, 84, 72
147.375, 229, 1, 260, 256
147.055, 81, 9, 112, 72
146.909, 1, 61, 16, 92
146.728, 285, 13, 316, 44
146.612, 217, 17, 232, 48
146.597, 177, 37, 304, 68
146.455, 1, 49, 400, 176
146.27, 129, 61, 256, 92
146.214, 43, 25, 58, 88
146.153, 113, 17, 240, 48
145.942, 377, 9, 392, 40
145.931, 1, 73, 32, 104
145.83, 237, 13, 268, 44
145.796, 49, 89, 112, 152
145.6, 353, 9, 384, 40
145.571, 209, 1, 336, 300
145.098, 245, 1, 276, 64
145.044, 355, 9, 370, 40
145.018, 89, 113, 152, 176
144.759, 241, 1, 256, 64
144.367, 193, 17, 208, 48
144.083, 41, 17, 72, 144
143.92, 257, 13, 288, 44
143.774, 265, 1, 296, 256
143.691, 49, 41, 64, 72
143.635, 1, 49, 400, 112
143.56, 113, 81, 144, 144
143.473, 177, 13, 240, 44
143.356, 337, 9, 400, 40
143.297, 233, 1, 296, 64
143.108, 89, 117, 152, 148
143.018, 367, 9, 382, 40
142.966, 247, 1, 262, 64
142.785, 49, 57, 80, 120
142.574, 289, 13, 352, 44
142.519, 253, 1, 268, 64
142.435, 145, 49, 176, 176
142.435, 249, 1, 312, 300
142.428, 49, 49, 112, 176
141.901, 271, 13, 286, 44
141.897, 93, 49, 124, 112
141.766, 47, 57, 62, 72
141.74, 73, 49, 136, 176
141.504, 257, 1, 288, 64
141.432, 97, 117, 128, 148
141.387, 241, 1, 368, 64
141.33, 89, 127, 152, 142
141.213, 41, 1, 104, 300
141.165, 97, 1, 128, 256
141.115, 383, 9, 398, 40
141.115, 317, 9, 348, 40
141.104, 205, 1, 236, 256
140.849, 281, 1, 296, 128
140.737, 277, 1, 308, 128
140.65, 69, 49, 100, 176
140.548, 361, 9, 376, 40
140.541, 69, 9, 100, 72
140.529, 57, 99, 120, 114
140.21, 85, 9, 100, 72
140.078, 173, 33, 204, 288
140.056, 361, 1, 392, 64
139.943, 383, 1, 398, 64
139.936, 17, 1, 144, 300
139.831, 377, 1, 392, 64
139.66, 249, 33, 280, 96
139.653, 349, 13, 364, 44
139.435, 21, 25, 52, 88
139.086, 105, 97, 168, 128
138.834, 41, 1, 104, 256
138.707, 213, 1, 228, 128
138.623, 89, 97, 152, 224
138.307, 125, 49, 140, 80
138.194, 297, 13, 328, 44
138.082, 273, 13, 304, 44
138.026, 259, 1, 274, 64
137.969, 41, 49, 104, 64
137.914, 267, 1, 282, 64
137.86, 245, 13, 260, 44
137.754, 261, 33, 276, 96
137.747, 259, 13, 274, 44
137.605, 145, 33, 208, 288
137.601, 113, 17, 144, 80
137.398, 193, 1, 224, 256
137.394, 97, 9, 128, 72
137.387, 3, 33, 18, 160
137.27, 1, 81, 128, 144
137.255, 169, 37, 232, 52
137.124, 1, 45, 128, 76
136.965, 281, 1, 344, 300
136.954, 65, 97, 320, 160
136.932, 121, 45, 184, 76
136.849, 253, 13, 268, 44
136.739, 273, 1, 400, 256
136.725, 177, 35, 208, 50
136.503, 9, 69, 72, 84
136.405, 291, 13, 306, 44
136.285, 309, 13, 324, 44
136.27, 65, 121, 320, 184
136.266, 217, 1, 248, 256
136.172, 321, 13, 336, 44
136.157, 77, 113, 108, 144
136.063, 265, 13, 280, 44
136.044, 153, 41, 216, 104
135.946, 335, 13, 350, 44
135.939, 97, 9, 112, 72
135.837, 237, 13, 252, 44
135.815, 65, 145, 320, 272
135.811, 97, 105, 224, 168
135.725, 277, 13, 292, 44
135.473, 57, 89, 120, 120
135.469, 1, 89, 400, 152
135.331, 257, 1, 320, 64
135.218, 273, 1, 288, 64
135.15, 25, 57, 88, 120
135.052, 285, 13, 300, 44
135.052, 329, 9, 360, 40
134.891, 363, 1, 378, 64
134.891, 369, 1, 384, 64
134.822, 343, 13, 358, 44
134.819, 1, 51, 64, 66
134.699, 75, 9, 90, 72
134.48, 89, 49, 152, 80
134.477, 103, 9, 118, 72
134.266, 303, 13, 318, 44
134.266, 251, 33, 266, 96
134.259, 169, 41, 200, 104
134.236, 157, 41, 188, 104
134.157, 297, 13, 312, 44
134.015, 45, 57, 60, 120
134.015, 153, 33, 184, 288
134.011, 193, 39, 256, 54
133.876, 349, 1, 380, 64
133.789, 93, 49, 124, 176
133.702, 315, 13, 330, 44
133.465, 83, 49, 98, 176
133.462, 157, 49, 172, 176
133.36, 91, 9, 106, 72
133.349, 87, 117, 102, 148
133.229, 45, 61, 60, 92
132.996, 209, 1, 336, 256
132.966, 65, 1, 128, 256
132.913, 1, 73, 16, 104
132.902, 137, 49, 152, 112
132.865, 337, 1, 400, 64
132.861, 269, 1, 300, 64
132.752, 305, 1, 368, 64
132.443, 149, 41, 164, 104
132.436, 153, 49, 216, 176
132.116, 111, 9, 126, 72
132.072, 279, 1, 294, 64
132.068, 1, 25, 128, 88
132.029, 261, 33, 292, 96
131.97, 357, 1, 372, 64
131.853, 1, 49, 16, 80
131.792, 327, 13, 342, 44
131.77, 87, 89, 102, 152
131.654, 1, 1, 128, 256
131.65, 1, 65, 32, 128
131.436, 1, 69, 64, 100
131.203, 201, 167, 216, 182
130.973, 7, 57, 22, 120
130.766, 217, 33, 280, 96
130.563, 109, 49, 124, 112
130.541, 209, 175, 240, 190
130.334, 113, 49, 144, 80
130.326, 121, 49, 184, 64
130.206, 101, 97, 132, 224
130.188, 49, 57, 112, 120
129.992, 89, 93, 120, 124
129.966, 77, 89, 108, 152
129.766, 37, 37, 52, 68
129.744, 45, 63, 76, 78
129.639, 145, 37, 208, 52
129.158, 281, 1, 312, 64
128.973, 191, 35, 206, 50
128.932, 281, 1, 344, 64
128.773, 209, 33, 224, 96
128.755, 225, 37, 256, 68
128.601, 41, 57, 72, 88
128.489, 351, 1, 366, 64
128.42, 211, 37, 226, 68
128.289, 165, 49, 180, 176
128.274, 43, 17, 58, 144
127.954, 117, 1, 132, 64
127.816, 329, 1, 360, 64
127.649, 201, 33, 216, 96
127.638, 57, 21, 72, 52
127.62, 45, 63, 60, 78
127.529, 57, 21, 88, 36
127.518, 57, 17, 88, 48
127.398, 37, 33, 52, 96
127.3, 135, 49, 150, 176
127.063, 101, 117, 132, 132
126.958, 105, 41, 136, 104
126.71, 65, 81, 192, 144
126.706, 287, 1, 302, 128
126.514, 225, 13, 256, 44
126.488, 233, 25, 248, 88
126.27, 177, 149, 304, 180
126.255, 1, 129, 400, 256
126.168, 161, 161, 288, 288
126.124, 285, 1, 300, 64
125.932, 91, 49, 106, 176
125.924, 73, 133, 104, 148
125.841, 231, 13, 246, 44
125.834, 59, 21, 74, 36
125.466, 81, 89, 144, 152
125.277, 171, 41, 186, 104
125.248, 81, 49, 112, 176
125.215, 113, 33, 240, 64
125.165, 217, 37, 280, 68
125.165, 65, 185, 320, 248
125.161, 115, 41, 130, 104
125.052, 151, 49, 166, 176
125.008, 345, 1, 360, 64
124.717, 59, 57, 74, 120
124.593, 213, 31, 244, 46
124.582, 57, 105, 120, 120
124.466, 97, 49, 160, 176
124.372, 1, 75, 32, 90
124.36, 121, 49, 152, 176
124.335, 331, 1, 346, 64
124.335, 305, 1, 336, 64
124.142, 145, 45, 176, 76
123.996, 291, 1, 306, 64
123.939, 179, 41, 194, 104
123.909, 41, 55, 104, 70
123.8, 95, 97, 110, 224
123.586, 245, 25, 260, 88
123.488, 225, 13, 240, 44
123.436, 323, 1, 338, 64
123.262, 197, 45, 228, 60
123.022, 193, 129, 320, 192
123.018, 65, 153, 320, 216
122.917, 227, 37, 242, 68
122.913, 97, 105, 128, 168
122.804, 81, 145, 208, 208
122.713, 267, 33, 282, 96
122.68, 163, 41, 178, 104
122.56, 97, 145, 224, 272
122.447, 65, 115, 128, 130
122.443, 37, 65, 68, 128
122.436, 7, 69, 22, 84
122.308, 293, 1, 324, 64
122.123, 217, 31, 232, 46
122.123, 65, 97, 96, 112
122.09, 41, 1, 72, 256
122.087, 305, 1, 320, 64
121.977, 317, 1, 348, 64
121.687, 49, 21, 112, 36
121.676, 51, 57, 66, 120
121.545, 165, 49, 196, 176
121.465, 273, 1, 336, 256
121.443, 81, 103, 144, 118
121.349, 81, 121, 208, 152
121.334, 97, 127, 112, 142
121.319, 69, 1, 100, 256
121.305, 339, 1, 354, 64
121.195, 43, 23, 58, 38
120.876, 145, 45, 208, 76
120.789, 7, 41, 22, 72
120.785, 101, 105, 116, 120
120.341, 181, 21, 196, 52
120.221, 17, 69, 144, 100
120.206, 161, 65, 288, 128
120.071, 39, 29, 54, 44
120.014, 41, 29, 104, 44
119.988, 1, 17, 16, 80
119.944, 85, 1, 116, 256
119.894, 49, 105, 80, 120
119.639, 157, 41, 172, 104
119.417, 123, 49, 138, 176
119.402, 201, 33, 264, 48
119.326, 93, 137, 124, 168
119.282, 317, 1, 332, 64
119.214, 119, 81, 134, 144
119.206, 239, 33, 254, 96
119.093, 177, 89, 304, 120
119.09, 145, 41, 176, 104
118.951, 33, 89, 160, 120
118.661, 9, 1, 72, 32
118.653, 113, 89, 144, 120
118.642, 277, 1, 308, 256
118.631, 81, 129, 144, 160
118.605, 297, 1, 312, 64
118.53, 91, 115, 106, 130
118.424, 93, 127, 124, 142
118.064, 281, 1, 344, 128
117.875, 21, 53, 52, 84
117.842, 33, 73, 288, 136
117.759, 181, 41, 212, 104
117.65, 145, 49, 160, 176
117.642, 177, 45, 208, 76
117.413, 105, 97, 120, 224
117.322, 321, 1, 384, 300
117.082, 169, 21, 200, 52
116.973, 191, 41, 206, 104
116.721, 81, 93, 144, 124
116.605, 381, 1, 396, 128
116.59, 39, 25, 54, 56
116.474, 311, 1, 326, 64
116.474, 25, 17, 88, 144
116.398, 97, 115, 160, 130
116.281, 227, 33, 242, 96
116.183, 283, 121, 298, 184
116.161, 121, 49, 152, 112
116.078, 45, 49, 76, 64
116.06, 57, 93, 120, 108
115.962, 17, 65, 48, 80
115.841, 65, 97, 320, 224
115.838, 49, 13, 176, 44
115.819, 185, 175, 248, 190
115.808, 81, 111, 112, 126
115.797, 33, 25, 64, 88
115.714, 113, 65, 240, 128
115.477, 293, 1, 308, 128
115.405, 187, 17, 202, 48
115.379, 189, 157, 204, 172
115.274, 225, 49, 256, 176
115.255, 217, 33, 248, 96
115.165, 25, 107, 88, 122
115.041, 109, 49, 140, 176
115.03, 289, 1, 320, 128
114.823, 195, 161, 210, 176
114.706, 121, 41, 136, 104
114.692, 161, 41, 192, 72
114.496, 181, 47, 212, 62
114.496, 241, 121, 304, 184
114.266, 177, 49, 208, 176
114.157, 25, 37, 56, 68
114.154, 113, 73, 240, 104
114.154, 65, 49, 80, 112
114.131, 93, 109, 108, 140
114.026, 185, 161, 216, 192
114.022, 29, 33, 60, 160
114.022, 337, 1, 400, 128
113.928, 217, 37, 248, 52
113.928, 129, 217, 192, 280
113.91, 369, 1, 400, 128
113.815, 159, 45, 174, 76
113.71, 89, 73, 120, 136
113.699, 51, 61, 66, 92
113.455, 81, 133, 144, 148
113.349, 1, 49, 32, 80
113.262, 81, 133, 208, 164
113.211, 1, 41, 32, 104
113.153, 213, 167, 244, 182
113.037, 177, 89, 304, 152
113.03, 233, 81, 296, 208
113.022, 171, 49, 186, 176
112.924, 231, 49, 246, 176
112.688, 9, 49, 40, 176
112.684, 153, 113, 216, 240
112.676, 193, 167, 256, 182
112.578, 143, 41, 158, 104
112.578, 193, 49, 256, 176
112.469, 69, 57, 100, 120
112.469, 153, 137, 216, 200
112.458, 125, 45, 156, 76
112.24, 1, 73, 64, 136
112.138, 49, 117, 112, 148
112.131, 177, 153, 304, 216
112.018, 269, 121, 300, 184
112.004, 65, 109, 192, 140
111.913, 9, 59, 40, 74
111.909, 201, 161, 264, 288
111.906, 1, 101, 128, 132
111.902, 185, 33, 200, 96
111.894, 7, 33, 22, 96
111.552, 137, 29, 200, 60
111.458, 199, 37, 214, 68
111.244, 105, 109, 168, 124
111.236, 193, 113, 320, 240
111.229, 1, 169, 400, 232
111.203, 7, 53, 22, 84
111.101, 375, 1, 390, 128
111.037, 273, 33, 288, 96
111, 137, 45, 152, 76
110.898, 187, 41, 202, 72
110.891, 225, 81, 288, 144
110.887, 1, 113, 400, 176
110.793, 99, 121, 114, 184
110.785, 113, 81, 176, 112
110.778, 73, 87, 136, 102
110.545, 41, 49, 104, 80
110.545, 109, 49, 124, 176
110.541, 341, 1, 372, 128
110.508, 161, 29, 224, 60
110.349, 9, 17, 72, 32
110.334, 189, 161, 204, 224
109.905, 15, 73, 30, 104
109.77, 1, 121, 128, 184
109.744, 41, 13, 72, 44
109.657, 131, 45, 146, 76
109.439, 55, 49, 70, 176
109.315, 131, 49, 146, 112
109.312, 199, 165, 214, 196
109.221, 9, 55, 24, 70
109.116, 49, 51, 64, 66
109.094, 229, 41, 260, 104
109.083, 305, 1, 368, 128
109.075, 145, 45, 208, 60
108.996, 1, 113, 128, 144
108.985, 53, 49, 84, 176
108.894, 101, 93, 116, 124
108.864, 221, 33, 236, 96
108.857, 115, 49, 130, 176
108.759, 193, 153, 256, 184
108.552, 105, 113, 120, 176
108.548, 211, 43, 226, 58
108.541, 177, 177, 304, 240
108.537, 177, 161, 240, 288
108.435, 193, 137, 320, 168
108.334, 35, 35, 50, 50
108.319, 177, 169, 304, 200
108.297, 347, 1, 362, 128
108.293, 325, 1, 356, 128
108.214, 165, 113, 196, 240
108.21, 257, 89, 288, 120
108.203, 9, 65, 24, 192
108.195, 49, 69, 80, 100
108.086, 185, 169, 216, 184
107.861, 181, 159, 196, 174
107.74, 165, 41, 180, 72
107.653, 41, 125, 104, 140
107.635, 121, 97, 184, 160
107.62, 369, 1, 384, 128
107.424, 1, 33, 64, 64
107.398, 353, 1, 384, 128
107.38, 65, 1, 128, 300
107.311, 101, 117, 116, 148
107.311, 125, 73, 140, 136
107.286, 299, 1, 314, 128
106.988, 369, 1, 400, 256
106.984, 69, 85, 100, 116
106.955, 221, 37, 236, 52
106.846, 129, 49, 144, 176
106.842, 143, 41, 158, 72
106.766, 357, 1, 388, 256
106.744, 25, 49, 56, 112
106.642, 105, 97, 168, 112
106.635, 273, 93, 288, 124
106.605, 73, 105, 136, 136
106.507, 229, 169, 244, 184
106.507, 89, 113, 120, 240
106.308, 181, 45, 196, 76
106.304, 97, 53, 160, 68
106.289, 81, 97, 208, 128
106.198, 175, 21, 190, 52
106.198, 213, 49, 244, 176
106.184, 113, 89, 128, 152
106.147, 193, 29, 256, 60
105.845, 121, 65, 184, 96
105.831, 185, 161, 216, 224
105.812, 41, 23, 72, 38
105.514, 215, 33, 230, 96
105.492, 171, 41, 186, 72
105.398, 109, 111, 140, 126
105.394, 145, 217, 272, 280
105.391, 97, 49, 112, 176
105.38, 341, 1, 356, 128
105.376, 355, 1, 370, 128
105.304, 337, 1, 400, 256
105.263, 305, 1, 336, 128
105.184, 169, 51, 232, 66
105.121, 1, 1, 128, 64
105.045, 1, 137, 400, 200
105.038, 217, 25, 248, 56
104.725, 225, 49, 240, 176
104.714, 25, 61, 88, 92
104.71, 65, 57, 192, 88
104.703, 327, 1, 342, 128
104.612, 1, 65, 64, 192
104.514, 161, 113, 224, 176
104.511, 81, 165, 208, 196
104.488, 221, 37, 236, 68
104.477, 307, 1, 322, 128
104.3, 37, 49, 52, 64
104.169, 89, 137, 152, 200
104.143, 335, 1, 350, 128
103.954, 289, 1, 320, 256
103.932, 1, 75, 64, 90
103.852, 21, 35, 52, 50
103.725, 17, 81, 80, 112
103.714, 207, 179, 222, 194
103.594, 1, 129, 128, 160
103.496, 149, 49, 180, 64
103.492, 25, 105, 56, 120
103.488, 201, 129, 216, 192
103.459, 189, 33, 220, 48
103.383, 221, 241, 252, 272
103.379, 209, 157, 240, 188
103.281, 47, 39, 62, 54
103.255, 1, 97, 128, 224
103.252, 237, 49, 268, 176
103.161, 25, 49, 56, 64
103.161, 133, 61, 164, 92
103.161, 145, 241, 272, 272
103.139, 151, 41, 166, 72
103.045, 189, 141, 220, 172
103.033, 105, 145, 168, 272
103.03, 57, 57, 72, 88
102.935, 225, 161, 256, 288
102.928, 269, 149, 300, 180
102.928, 189, 49, 204, 176
102.83, 105, 103, 168, 118
102.823, 103, 57, 118, 120
102.815, 1, 53, 32, 68
102.797, 81, 85, 208, 116
102.695, 255, 49, 270, 176
102.605, 119, 53, 134, 84
102.601, 275, 101, 290, 116
102.601, 73, 61, 136, 92
102.59, 177, 121, 304, 152
102.571, 97, 115, 112, 130
102.484, 41, 69, 72, 84
102.473, 161, 177, 224, 240
102.161, 13, 73, 44, 104
102, 57, 1, 88, 256
101.924, 103, 117, 118, 132
101.819, 157, 17, 188, 48
101.571, 103, 49, 118, 176
101.473, 69, 49, 84, 176
101.469, 37, 17, 52, 144
101.447, 85, 129, 100, 160
101.357, 233, 89, 296, 120
101.335, 317, 1, 332, 128
101.335, 363, 1, 378, 128
101.211, 181, 41, 212, 56
101.139, 193, 65, 320, 192
101.127, 87, 105, 102, 136
101.037, 225, 37, 352, 68
101.033, 1, 49, 16, 64
100.928, 313, 1, 376, 256
100.917, 51, 11, 66, 26
100.909, 41, 81, 72, 112
100.819, 345, 1, 376, 256
100.8, 287, 141, 302, 172
100.793, 113, 91, 176, 106
100.763, 43, 41, 58, 72
100.71, 41, 35, 104, 50
100.673, 161, 161, 224, 192
100.541, 81, 121, 144, 136
100.469, 89, 149, 120, 180
100.458, 97, 169, 224, 232
100.451, 93, 81, 108, 144
100.451, 97, 201, 224, 264
100.356, 13, 45, 28, 76
100.342, 49, 61, 112, 92
100.334, 177, 177, 240, 208
100.236, 1, 45, 64, 60
100.236, 129, 63, 192, 78
100.211, 209, 37, 240, 68
100.127, 69, 111, 100, 126
100.127, 237, 73, 268, 136
100.011, 265, 81, 296, 208
99.8906, 213, 175, 228, 190
99.7926, 1, 17, 32, 80
99.7779, 41, 95, 72, 110
99.6946, 41, 113, 104, 176
99.6799, 3, 81, 18, 208
99.6651, 61, 49, 76, 176
99.5708, 201, 177, 216, 300
99.5413, 95, 125, 110, 156
99.3416, 1, 1, 64, 64
99.3379, 113, 83, 176, 98
99.2936, 7, 63, 22, 78
99.2435, 45, 37, 76, 52
99.2214, 183, 157, 198, 188
99.2103, 157, 43, 188, 58
99.1197, 65, 77, 128, 108
99.1086, 29, 95, 60, 110
99.068, 201, 33, 232, 48
99.0032, 81, 149, 208, 180
98.9052, 41, 17, 56, 32
98.9052, 89, 139, 152, 154
98.8905, 59, 65, 74, 80
98.7998, 21, 25, 52, 56
98.676, 93, 49, 108, 112
98.6575, 121, 113, 184, 144
98.5558, 221, 179, 236, 194
98.4246, 1, 93, 64, 108
98.4246, 161, 167, 224, 182
98.334, 109, 101, 140, 132
98.3303, 25, 55, 56, 70
98.2786, 211, 35, 226, 50
98.2249, 97, 133, 128, 148
98.2249, 241, 161, 304, 176
98.2175, 105, 169, 136, 232
98.2175, 233, 129, 296, 256
98.1158, 169, 17, 184, 48
98.1121, 257, 89, 288, 152
98.1011, 41, 133, 104, 148
97.9957, 107, 113, 122, 144
97.992, 105, 185, 168, 248
97.992, 77, 49, 92, 176
97.9551, 25, 27, 56, 42
97.8903, 161, 137, 224, 168
97.8644, 185, 169, 248, 232
97.6315, 191, 43, 206, 58
97.5483, 217, 39, 280, 54
97.5446, 43, 95, 58, 110
97.4355, 77, 119, 108, 134
97.4318, 237, 49, 252, 176
97.3301, 63, 17, 78, 48
97.319, 113, 121, 176, 184
97.2969, 157, 29, 188, 60
97.2026, 37, 97, 52, 128
97.0935, 15, 61, 30, 76
97.0898, 61, 105, 76, 120
97.0898, 193, 41, 208, 72
97.0677, 53, 95, 84, 110
96.9992, 317, 1, 348, 256
96.9733, 201, 129, 264, 192
96.966, 25, 101, 88, 116
96.8864, 329, 1, 360, 256
96.8716, 83, 49, 98, 112
96.8606, 249, 145, 312, 176
96.8606, 199, 169, 214, 232
96.8569, 161, 65, 192, 128
96.7663, 1, 145, 128, 272
96.6424, 93, 137, 108, 168
96.6166, 193, 129, 224, 192
96.5296, 161, 77, 288, 108
96.5186, 145, 97, 272, 224
96.439, 301, 1, 332, 256
96.4206, 201, 145, 232, 176
96.3041, 195, 29, 210, 44
96.3041, 13, 49, 44, 112
96.195, 9, 81, 24, 144
96.1913, 241, 77, 272, 108
95.9732, 233, 173, 296, 188
95.9695, 171, 113, 186, 240
95.9658, 53, 1, 68, 32
95.951, 33, 209, 288, 272
95.8678, 129, 17, 192, 48
95.8604, 137, 97, 168, 128
95.8604, 191, 137, 206, 200
95.8419, 61, 105, 92, 120
95.7513, 241, 125, 304, 156
95.7513, 177, 181, 304, 212
95.7513, 209, 145, 240, 272
95.6275, 67, 97, 82, 112
95.5368, 41, 1, 56, 32
95.5368, 89, 25, 152, 56
95.5258, 193, 177, 224, 300
95.5184, 41, 101, 72, 132
95.5147, 169, 177, 200, 240
95.4925, 199, 153, 214, 184
95.4241, 41, 43, 104, 58
95.4093, 13, 73, 28, 88
95.3982, 41, 61, 104, 76
95.2633, 85, 133, 116, 148
95.1911, 185, 47, 200, 62
95.1911, 241, 65, 256, 128
95.1875, 149, 217, 180, 280
95.0784, 107, 169, 122, 232
95.0599, 129, 121, 256, 152
94.9656, 115, 89, 130, 120
94.8602, 161, 17, 176, 48
94.8565, 81, 49, 112, 112
94.8491, 5, 89, 36, 152
94.8454, 197, 97, 212, 224
94.8418, 165, 45, 180, 60
94.7975, 199, 35, 214, 50
94.7401, 223, 43, 238, 58
94.7364, 1, 181, 128, 212
94.7327, 183, 49, 198, 176
94.631, 1, 37, 16, 68
94.6162, 25, 93, 56, 124
94.6162, 65, 81, 96, 144
94.5071, 95, 97, 110, 128
94.5034, 177, 49, 192, 176
94.1836, 129, 51, 160, 66
94.1725, 17, 33, 80, 288
94.0708, 93, 141, 124, 156
94.0524, 71, 49, 86, 112
93.9728, 273, 33, 304, 96
93.947, 181, 163, 212, 178
93.947, 225, 65, 256, 128
93.8305, 193, 177, 224, 192
93.8305, 121, 77, 152, 108
93.7288, 109, 105, 140, 120
93.6087, 177, 217, 240, 280
93.5939, 25, 97, 88, 128
93.3942, 95, 157, 110, 188
93.3905, 189, 161, 204, 192
93.3831, 181, 37, 196, 52
93.2814, 55, 41, 70, 72
93.2703, 243, 49, 258, 176
93.1686, 209, 243, 272, 258
93.1576, 29, 65, 60, 80
92.9615, 41, 97, 104, 224
92.9283, 161, 109, 288, 140
92.9099, 91, 131, 106, 146
92.8303, 201, 181, 232, 212
92.8266, 217, 167, 280, 182
92.8192, 163, 113, 178, 240
92.8156, 195, 49, 210, 176
92.8045, 95, 109, 110, 124
92.7102, 1, 23, 64, 38
92.6122, 145, 21, 176, 52
92.5826, 129, 49, 384, 176
92.4957, 137, 63, 168, 78
92.4883, 57, 95, 72, 110
92.4846, 41, 65, 72, 192
92.4735, 253, 49, 284, 176
92.3792, 137, 63, 152, 78
92.3792, 1, 33, 64, 48
92.2775, 33, 29, 48, 44
92.2591, 233, 161, 296, 192
92.2517, 145, 105, 176, 168
92.1574, 207, 145, 222, 176
92.15, 229, 153, 260, 184
92.0446, 1, 177, 128, 240
91.9503, 279, 33, 294, 96
91.9355, 205, 217, 236, 248
91.9171, 161, 49, 288, 80
91.8228, 193, 245, 256, 276
91.8228, 353, 25, 384, 88
91.8154, 197, 169, 228, 232
91.808, 169, 121, 200, 184
91.8006, 223, 25, 238, 56
91.8006, 1, 193, 400, 256
91.7063, 105, 213, 168, 244
91.7026, 83, 141, 98, 172
91.5972, 113, 193, 144, 256
91.5825, 53, 81, 84, 112
91.564, 169, 45, 200, 60
91.4881, 37, 55, 52, 70
91.4881, 65, 17, 128, 48
91.4734, 213, 137, 228, 200
91.4734, 1, 145, 128, 208
91.4623, 25, 95, 88, 110
91.4623, 85, 113, 100, 176
91.3864, 45, 43, 76, 58
91.3717, 113, 129, 176, 160
91.368, 201, 177, 264, 208
91.3643, 41, 77, 56, 108
91.3643, 201, 209, 264, 272
91.3532, 193, 163, 224, 178
91.2294, 49, 121, 176, 184
91.1387, 165, 37, 196, 52
91.1351, 141, 245, 172, 276
90.9206, 297, 25, 360, 88
90.9132, 81, 113, 96, 144
90.8947, 177, 45, 192, 60
90.8336, 265, 33, 328, 96
90.8078, 97, 161, 160, 224
90.6987, 113, 213, 144, 244
90.695, 237, 145, 268, 272
90.6913, 183, 153, 198, 216
90.6913, 229, 161, 244, 288
90.5823, 1, 141, 128, 172
90.5675, 57, 15, 120, 30
90.5417, 77, 133, 108, 164
90.4806, 55, 81, 70, 112
90.4769, 297, 33, 360, 64
90.3678, 71, 17, 86, 48
90.3641, 211, 27, 226, 42
90.3604, 229, 69, 260, 100
90.3457, 89, 105, 104, 120
90.2513, 233, 185, 296, 248
90.244, 161, 31, 224, 46
90.244, 1, 13, 64, 44
90.244, 125, 145, 156, 272
90.146, 155, 21, 170, 52
90.0073, 199, 41, 214, 56
89.8113, 37, 105, 52, 120
89.8113, 113, 97, 144, 112
89.8039, 361, 25, 376, 88
89.7966, 177, 161, 208, 288
89.7892, 153, 113, 184, 240
89.7523, 161, 25, 288, 56
89.7022, 273, 33, 400, 96
89.669, 249, 49, 264, 176
89.658, 217, 25, 280, 56
89.6469, 77, 127, 108, 142
89.5747, 257, 129, 288, 256
89.4509, 37, 61, 52, 92
89.4509, 3, 81, 18, 144
89.4176, 45, 17, 76, 32
89.3418, 93, 161, 124, 192
89.3049, 93, 105, 108, 168
89.2438, 217, 181, 248, 196
89.1273, 285, 161, 316, 224
89.1236, 17, 1, 80, 300
89.1015, 33, 1, 96, 32
89.0145, 97, 217, 224, 248
89.0035, 201, 65, 264, 128
88.9961, 25, 77, 56, 108
88.9813, 81, 109, 144, 124
88.9702, 205, 25, 236, 56
88.9666, 185, 33, 216, 64
88.9091, 47, 45, 62, 60
88.9091, 159, 49, 174, 64
88.9091, 207, 177, 222, 300
88.9018, 273, 33, 400, 64
88.7779, 153, 161, 216, 176
88.6873, 233, 41, 248, 72
88.6873, 7, 9, 22, 72
88.6282, 5, 65, 36, 80
88.5524, 153, 161, 216, 288
88.4544, 157, 169, 188, 232
88.447, 121, 115, 184, 130
88.4322, 281, 97, 296, 224
88.2251, 279, 153, 294, 184
88.2251, 1, 157, 128, 188
88.1308, 93, 85, 124, 100
87.9959, 109, 105, 140, 168
87.9922, 205, 137, 236, 200
87.9701, 185, 165, 248, 196
87.8905, 41, 11, 72, 26
87.8831, 113, 75, 176, 90
87.8757, 171, 43, 186, 58
87.7851, 117, 53, 148, 68
87.7851, 261, 169, 292, 232
87.7777, 137, 259, 200, 274
87.7777, 239, 69, 254, 100
87.774, 203, 177, 218, 208
87.774, 81, 141, 144, 172
87.7704, 71, 107, 86, 122
87.763, 61, 15, 92, 30
87.676, 241, 129, 304, 144
87.665, 53, 27, 68, 42
87.665, 1, 39, 64, 54
87.6502, 39, 65, 54, 128
87.6318, 65, 121, 128, 184
87.5633, 49, 101, 64, 132
87.5559, 337, 25, 400, 88
87.4653, 21, 41, 52, 56
87.4468, 237, 77, 268, 92
87.4431, 1, 37, 32, 68
87.432, 29, 65, 60, 96
87.4284, 217, 77, 280, 108
87.4284, 15, 73, 30, 136
87.4284, 129, 105, 160, 168
87.3267, 229, 167, 260, 182
87.3008, 89, 117, 120, 132
87.225, 77, 17, 92, 48
87.2028, 129, 101, 192, 132
87.1991, 185, 97, 216, 224
87.1159, 275, 169, 290, 232
87.1122, 69, 17, 100, 48
87.1048, 201, 27, 216, 42
87.1048, 225, 89, 288, 104
87.1011, 233, 113, 296, 144
87.0827, 189, 49, 220, 176
86.9883, 193, 225, 224, 288
86.9846, 97, 189, 224, 220
86.981, 69, 113, 100, 176
86.8719, 121, 97, 184, 224
86.8682, 15, 49, 30, 176
86.7702, 231, 65, 246, 96
86.7591, 121, 225, 184, 256
86.7517, 169, 29, 184, 60
86.6537, 45, 89, 76, 104
86.65, 283, 129, 298, 160
86.639, 77, 101, 108, 116
86.5631, 285, 33, 300, 96
86.5446, 117, 227, 148, 242
86.5409, 25, 73, 56, 136
86.5373, 41, 113, 104, 128
86.4392, 93, 143, 108, 158
86.4392, 221, 43, 252, 58
86.4356, 201, 161, 264, 176
86.4134, 209, 165, 272, 196
86.3265, 269, 159, 300, 174
86.3191, 301, 25, 332, 88
86.3154, 193, 65, 256, 96
86.2137, 69, 57, 100, 88
86.2137, 233, 173, 296, 204
86.2026, 109, 113, 124, 128
86.0936, 361, 1, 392, 16
86.0788, 255, 81, 270, 96
86.0714, 209, 43, 240, 58
85.9734, 233, 97, 264, 224
85.9623, 65, 33, 96, 96
85.9365, 173, 33, 204, 64
85.8606, 209, 169, 240, 200
85.8606, 161, 197, 224, 228
85.7737, 37, 43, 52, 58
85.77, 121, 25, 152, 56
85.7589, 233, 95, 296, 110
85.7552, 285, 101, 300, 132
85.7515, 85, 127, 100, 142
85.7478, 77, 49, 92, 112
85.6535, 89, 161, 120, 176
85.6166, 101, 81, 132, 144
85.5408, 73, 75, 136, 90
85.5334, 81, 141, 96, 156
85.5334, 89, 161, 152, 192
85.5297, 161, 99, 192, 114
85.5297, 177, 193, 304, 224
85.526, 31, 95, 46, 110
85.428, 223, 161, 238, 288
85.4243, 65, 113, 96, 144
85.4206, 189, 161, 204, 288
85.4132, 253, 89, 284, 104
85.4095, 57, 41, 88, 72
85.4095, 205, 169, 220, 232
85.3985, 129, 145, 256, 208
85.1951, 337, 1, 400, 16
85.1914, 113, 109, 240, 140
85.1914, 129, 161, 192, 288
85.0897, 301, 33, 332, 64
85.0897, 287, 161, 302, 224
85.086, 141, 259, 172, 274
85.0823, 61, 9, 92, 24
84.988, 93, 81, 124, 112
84.9732, 217, 257, 248, 272
84.9695, 153, 217, 216, 280
84.9474, 99, 81, 114, 144
84.8678, 135, 51, 150, 66
84.8678, 113, 129, 144, 256
84.8568, 219, 49, 234, 176
84.8531, 201, 5, 264, 20
84.8531, 193, 141, 208, 172
84.8494, 129, 97, 256, 128
84.7514, 87, 121, 102, 136
84.7477, 283, 111, 298, 126
84.744, 209, 153, 272, 216
84.7366, 41, 77, 104, 108
84.7329, 209, 157, 224, 188
84.6423, 141, 51, 156, 66
84.6275, 153, 65, 216, 128
84.6238, 77, 101, 108, 132
84.6238, 131, 73, 146, 136
84.6201, 77, 107, 92, 122
84.5832, 93, 111, 124, 126
84.5184, 275, 89, 290, 152
84.4241, 33, 25, 48, 56
84.4167, 209, 75, 272, 90
84.4094, 3, 75, 18, 90
84.4094, 161, 173, 224, 188
84.3077, 177, 213, 304, 244
84.304, 275, 113, 290, 240
84.2966, 177, 89, 240, 152
84.1875, 189, 173, 204, 188
84.1764, 173, 153, 204, 216
84.0784, 369, 25, 400, 88
84.0747, 129, 241, 192, 272
84.0637, 71, 89, 86, 120
83.9657, 113, 91, 144, 106
83.962, 253, 73, 268, 136
83.9583, 61, 41, 76, 72
83.9583, 229, 57, 244, 120
83.8529, 125, 75, 156, 90
83.8529, 367, 25, 382, 88
83.8418, 313, 3, 376, 18
83.7512, 329, 33, 360, 96
83.7327, 121, 81, 136, 112
83.631, 105, 201, 168, 232
83.6236, 225, 209, 256, 272
83.6199, 1, 99, 64, 114
83.6199, 165, 217, 180, 280
83.6199, 173, 201, 204, 264
83.5109, 129, 69, 144, 100
83.5109, 217, 105, 248, 168
83.4998, 209, 179, 272, 194
83.4018, 53, 71, 68, 86
83.4018, 41, 129, 104, 160
83.3981, 163, 65, 178, 128
83.3907, 131, 105, 146, 168
83.387, 209, 229, 272, 260
83.387, 137, 161, 200, 224
83.2816, 25, 71, 56, 86
83.2816, 77, 73, 92, 136
83.2669, 145, 65, 176, 128
83.1799, 229, 153, 244, 184
83.1799, 9, 1, 40, 128
83.1615, 277, 137, 308, 168
83.0782, 333, 33, 348, 96
83.0487, 129, 145, 256, 176
82.9507, 281, 105, 312, 136
82.9507, 111, 97, 126, 224
82.947, 79, 99, 94, 114
82.947, 49, 65, 64, 192
82.9323, 51, 63, 66, 78
82.8601, 285, 33, 316, 96
82.8416, 121, 69, 184, 84
82.8269, 109, 113, 140, 144
82.8232, 245, 127, 260, 142
82.7325, 353, 33, 384, 64
82.6161, 135, 61, 150, 92
82.6124, 119, 87, 134, 102
82.6124, 1, 169, 128, 200
82.605, 5, 97, 36, 112
82.5939, 49, 1, 176, 32
82.5939, 65, 73, 192, 104
82.5902, 283, 49, 298, 176
82.5107, 83, 17, 98, 48
82.5033, 223, 57, 238, 120
82.4738, 207, 173, 222, 188
82.3868, 29, 81, 44, 112
82.3832, 49, 9, 112, 24
82.3795, 197, 173, 212, 188
82.2925, 89, 97, 120, 112
82.2778, 265, 33, 296, 64
82.2741, 163, 101, 178, 116
82.2519, 53, 57, 84, 88
82.165, 363, 1, 378, 16
82.165, 369, 1, 384, 16
82.1613, 125, 73, 156, 136
82.1502, 17, 95, 48, 110
82.1502, 145, 113, 272, 176
82.1429, 1, 59, 16, 74
82.117, 93, 105, 124, 136
82.0633, 81, 17, 112, 48
82.0559, 221, 125, 252, 156
81.9468, 149, 21, 164, 52
81.9468, 201, 141, 216, 172
81.9395, 257, 33, 320, 64
81.9395, 39, 65, 54, 192
81.8341, 193, 257, 256, 272
81.8267, 149, 117, 180, 148
81.8156, 35, 77, 50, 108
81.8119, 37, 103, 68, 118
81.8045, 201, 169, 232, 184
81.7861, 187, 29, 202, 60
81.7324, 341, 33, 372, 96
81.7213, 105, 29, 136, 60
81.7176, 173, 209, 204, 240
81.7139, 375, 1, 390, 16
81.7102, 225, 5, 256, 20
81.7028, 181, 173, 212, 204
81.6085, 337, 33, 400, 64
81.6085, 41, 137, 104, 200
81.6011, 47, 73, 62, 104
81.5864, 171, 49, 186, 64
81.5827, 229, 177, 244, 192
81.5753, 13, 49, 28, 112
81.4994, 317, 33, 332, 64
81.4921, 157, 217, 172, 280
81.4921, 209, 97, 240, 224
81.4884, 127, 75, 142, 90
81.4884, 73, 81, 136, 96
81.3904, 193, 245, 224, 276
81.3793, 169, 105, 232, 136
81.3719, 229, 177, 244, 208
81.3645, 263, 87, 278, 102
81.285, 351, 33, 366, 96
81.2702, 373, 25, 388, 88
81.2702, 385, 25, 400, 88
81.2444, 37, 9, 52, 72
81.1648, 237, 161, 252, 288
81.1537, 237, 237, 252, 268
81.1537, 193, 185, 208, 248
81.1427, 53, 57, 68, 72
81.0594, 345, 33, 360, 96
81.041, 153, 107, 168, 122
81.041, 181, 105, 212, 168
80.9282, 385, 1, 400, 16
80.9245, 63, 11, 78, 26
80.9245, 281, 3, 344, 18
80.9171, 233, 175, 264, 190
80.8228, 273, 153, 304, 168
80.808, 137, 99, 200, 114
80.7137, 333, 33, 364, 64
80.699, 131, 109, 146, 140
80.699, 265, 161, 296, 192
80.601, 313, 33, 344, 64
80.4845, 379, 25, 394, 88
80.4808, 249, 155, 312, 170
80.4808, 213, 57, 244, 120
80.3606, 1, 93, 64, 124
80.3533, 163, 97, 178, 160
80.2589, 113, 131, 176, 146
80.2479, 349, 3, 380, 18
80.2479, 17, 105, 80, 168
80.2442, 261, 169, 292, 184
80.2405, 29, 105, 60, 136
80.1609, 323, 33, 338, 96
80.1536, 65, 137, 96, 168
80.1425, 125, 119, 156, 134
80.1351, 129, 109, 160, 140
80.1314, 137, 89, 200, 120
80.1314, 133, 217, 164, 280
80.0408, 185, 27, 216, 42
80.0408, 113, 129, 144, 192
80.0334, 101, 179, 132, 194
80.026, 161, 97, 192, 128
80.0223, 25, 11, 88, 26
80.0223, 157, 105, 172, 168
80.015, 129, 133, 256, 164
79.9428, 291, 33, 306, 96
79.9243, 129, 201, 144, 264
79.9133, 21, 97, 52, 160
79.9096, 169, 7, 232, 22
79.9096, 21, 57, 36, 120
79.8152, 69, 91, 100, 106
79.8116, 275, 189, 290, 220
79.7931, 157, 177, 188, 300
79.7562, 199, 25, 214, 56
79.7099, 313, 33, 344, 96
79.6988, 97, 177, 224, 208
79.6914, 197, 5, 228, 20
79.6914, 205, 193, 236, 256
79.684, 37, 93, 52, 108
79.5786, 237, 165, 268, 196
79.5528, 207, 167, 222, 182
79.4806, 93, 91, 124, 106
79.4659, 123, 81, 138, 96
79.4659, 217, 141, 280, 172
79.4548, 65, 49, 128, 80
79.4437, 197, 157, 228, 188
79.3642, 151, 61, 166, 92
79.2477, 37, 49, 52, 80
79.244, 173, 121, 188, 184
79.2145, 209, 25, 336, 56
79.1423, 339, 33, 354, 64
79.1423, 177, 53, 240, 84
79.1349, 191, 113, 206, 176
79.1349, 29, 33, 60, 288
79.1312, 121, 231, 184, 246
79.1312, 277, 121, 292, 152
79.1128, 217, 43, 232, 58
79.1091, 13, 71, 44, 86
79.0295, 129, 53, 144, 68
79.0111, 39, 67, 54, 82
78.9926, 91, 137, 106, 152
78.9131, 41, 139, 104, 154
78.9131, 339, 25, 354, 88
78.9057, 121, 121, 184, 136
78.902, 333, 3, 364, 18
78.902, 193, 217, 208, 280
78.902, 157, 113, 172, 240
78.804, 17, 145, 48, 208
78.8003, 315, 25, 330, 88
78.7634, 65, 127, 128, 142
78.706, 303, 33, 318, 96
78.6912, 139, 25, 154, 56
78.6801, 241, 101, 304, 116
78.5748, 187, 217, 202, 280
78.5637, 225, 5, 288, 20
78.5637, 21, 89, 36, 152
78.56, 45, 69, 60, 84
78.462, 269, 33, 284, 64
78.4583, 269, 125, 300, 156
78.4472, 177, 159, 240, 174
78.4177, 193, 29, 208, 60
78.3529, 203, 157, 218, 172
78.3529, 285, 173, 300, 204
78.3492, 233, 179, 296, 194
78.316, 93, 121, 108, 136
78.2438, 359, 33, 374, 64
78.2401, 133, 21, 164, 52
78.2327, 205, 197, 236, 212
78.2291, 213, 135, 228, 150
78.2291, 161, 145, 192, 208
78.218, 65, 97, 128, 224
78.1311, 35, 5, 50, 36
78.1274, 97, 173, 112, 188
78.1015, 145, 33, 176, 64
78.0868, 13, 57, 28, 88
78.0183, 105, 209, 168, 224
78.0146, 225, 113, 288, 128
78.0109, 251, 77, 266, 108
78.0072, 41, 87, 104, 102
78.0035, 57, 11, 72, 26
78.0035, 201, 27, 264, 42
78.0035, 225, 209, 240, 272
77.9203, 297, 33, 312, 96
77.9055, 137, 107, 168, 122
77.9018, 21, 65, 36, 80
77.9018, 281, 173, 312, 204
77.9018, 281, 161, 344, 224
77.8944, 247, 73, 262, 136
77.7927, 345, 33, 360, 64
77.7854, 357, 1, 372, 16
77.7817, 215, 51, 230, 66
77.7817, 195, 161, 210, 288
77.778, 217, 81, 280, 96
77.7706, 79, 133, 94, 148
77.6726, 161, 145, 192, 176
77.6726, 101, 173, 132, 204
77.6689, 169, 245, 232, 276
77.6652, 281, 49, 312, 176
77.6615, 201, 49, 216, 176
77.5635, 17, 87, 80, 102
77.4544, 69, 61, 84, 92
77.4544, 217, 65, 248, 96
77.4507, 137, 237, 152, 268
77.447, 237, 157, 252, 188
77.447, 221, 241, 236, 272
77.4434, 97, 13, 160, 44
77.4397, 237, 229, 268, 260
77.3306, 305, 3, 336, 18
77.3269, 213, 137, 244, 152
77.3084, 263, 81, 278, 96
77.2363, 89, 17, 104, 48
77.2326, 273, 153, 400, 216
77.2252, 257, 161, 384, 192
77.2215, 37, 75, 68, 90
77.2141, 279, 97, 294, 128
77.2141, 201, 89, 264, 152
77.2067, 49, 1, 80, 32
77.203, 181, 129, 212, 192
77.1235, 89, 155, 120, 170
77.1198, 147, 49, 162, 64
77.1198, 351, 33, 366, 64
77.1198, 61, 73, 76, 104
77.1124, 117, 85, 148, 100
77.1124, 261, 177, 292, 192
77.1124, 177, 113, 192, 240
77.105, 213, 5, 244, 20
77.0033, 113, 229, 240, 260
76.996, 351, 3, 366, 18
76.959, 103, 111, 118, 126
76.8943, 331, 33, 346, 64
76.8943, 203, 225, 218, 288
76.8869, 85, 177, 116, 300
76.8832, 195, 205, 210, 236
76.8795, 237, 5, 268, 20
76.8795, 193, 141, 256, 172
76.7815, 311, 33, 326, 64
76.7815, 221, 173, 236, 204
76.7778, 205, 159, 236, 174
76.7778, 181, 225, 212, 288
76.7667, 277, 147, 308, 162
76.7298, 1, 61, 32, 92
76.6724, 261, 101, 292, 116
76.6613, 269, 91, 284, 106
76.6576, 237, 5, 252, 20
76.6576, 81, 145, 144, 160
76.6539, 153, 173, 216, 204
76.567, 125, 25, 140, 56
76.5523, 283, 33, 298, 64
76.5523, 21, 77, 36, 108
76.5523, 13, 1, 28, 128
76.5449, 161, 107, 224, 122
76.5375, 207, 129, 222, 192
76.5117, 33, 25, 64, 56
76.4432, 309, 25, 324, 88
76.4321, 269, 5, 300, 20
76.421, 83, 109, 98, 124
76.4136, 121, 43, 184, 58
76.3378, 373, 33, 388, 64
76.3193, 235, 129, 250, 160
76.2176, 255, 145, 270, 272
76.2102, 235, 65, 250, 128
76.1122, 51, 105, 66, 120
76.1012, 21, 21, 52, 36
76.1012, 93, 169, 124, 184
76.0975, 167, 161, 182, 288
76.0901, 197, 169, 228, 200
75.9884, 225, 101, 288, 132
75.9699, 61, 1, 92, 32
75.9515, 53, 21, 68, 36
75.8756, 201, 49, 232, 176
75.8535, 89, 81, 152, 112
75.7739, 179, 113, 194, 176
75.7665, 165, 53, 196, 84
75.7665, 239, 209, 254, 272
75.6575, 113, 101, 128, 132
75.6575, 225, 213, 288, 244
75.6464, 165, 97, 180, 128
75.6464, 137, 105, 152, 168
75.639, 245, 83, 276, 98
75.6279, 61, 1, 76, 32
75.6095, 25, 23, 88, 38
75.5521, 161, 169, 176, 232
75.5484, 69, 141, 100, 156
75.5373, 65, 33, 128, 64
75.5373, 245, 97, 260, 160
75.5299, 57, 61, 88, 76
75.5299, 157, 65, 172, 128
75.443, 105, 221, 168, 236
75.4393, 157, 73, 188, 104
75.4319, 301, 33, 316, 64
75.4245, 225, 13, 288, 28
75.4245, 273, 27, 336, 42
75.4245, 273, 49, 336, 176
75.4135, 277, 137, 292, 200
75.3265, 369, 33, 400, 64
75.3118, 141, 129, 172, 192
75.3081, 185, 7, 216, 22
75.3007, 145, 51, 208, 66
75.2712, 211, 25, 226, 56
75.2101, 325, 33, 340, 64
75.2101, 201, 217, 264, 248
75.2064, 97, 133, 112, 148
75.2064, 245, 73, 260, 104
75.2027, 153, 149, 216, 180
75.199, 231, 5, 246, 20
75.1916, 141, 145, 172, 272
75.0973, 133, 153, 164, 216
75.0899, 263, 33, 278, 64
75.053, 43, 1, 58, 64
74.9882, 241, 135, 304, 150
74.9882, 169, 185, 232, 200
74.9845, 125, 63, 140, 78
74.9845, 225, 181, 256, 212
74.9734, 321, 3, 336, 18
74.9734, 243, 5, 258, 20
74.9698, 251, 5, 266, 20
74.9513, 57, 1, 120, 32
74.8717, 197, 27, 228, 42
74.8681, 249, 149, 312, 164
74.8644, 81, 43, 144, 58
74.8644, 161, 217, 192, 280
74.857, 157, 85, 188, 116
74.857, 289, 49, 304, 176
74.8496, 87, 145, 102, 208
74.7627, 273, 49, 400, 176
74.7553, 129, 117, 144, 132
74.7553, 259, 81, 274, 112
74.7479, 257, 5, 320, 20
74.7294, 209, 173, 272, 188
74.6536, 45, 111, 76, 126
74.6499, 113, 185, 128, 248
74.6462, 177, 57, 240, 120
74.6388, 223, 5, 238, 20
74.6388, 209, 177, 224, 208
74.6351, 141, 99, 172, 114
74.6314, 173, 157, 204, 188
74.6277, 97, 225, 224, 288
74.526, 175, 37, 190, 52
74.526, 305, 35, 368, 50
74.526, 253, 33, 284, 64
74.5076, 189, 163, 204, 178
74.5002, 113, 33, 176, 64
74.4244, 261, 65, 276, 192
74.417, 241, 201, 272, 264
74.4133, 315, 3, 330, 18
74.4096, 253, 5, 284, 20
74.3042, 165, 197, 196, 228
74.3042, 57, 105, 88, 168
74.2931, 49, 97, 64, 112
74.2857, 65, 139, 128, 154
74.2025, 85, 185, 116, 248
74.1988, 201, 191, 232, 206
74.1914, 211, 5, 226, 20
74.1877, 183, 165, 198, 180
74.184, 1, 1, 128, 32
74.0823, 261, 173, 292, 204
74.0787, 121, 125, 152, 140
74.075, 317, 3, 348, 18
74.0639, 63, 97, 78, 128
73.9733, 169, 133, 200, 164
73.9696, 145, 145, 160, 272
73.9659, 249, 243, 264, 258
73.9548, 157, 121, 188, 184
73.8679, 97, 17, 112, 48
73.8605, 115, 93, 130, 108
73.8568, 277, 33, 292, 64
73.8568, 285, 33, 316, 64
73.8568, 141, 133, 172, 164
73.8568, 169, 209, 232, 240
73.8457, 151, 65, 166, 128
73.7477, 257, 161, 288, 176
73.744, 149, 219, 180, 234
73.733, 93, 161, 124, 224
73.7293, 61, 59, 76, 74
73.6423, 97, 17, 128, 48
73.6349, 157, 81, 172, 112
73.6239, 195, 167, 210, 182
73.6017, 35, 23, 50, 38
73.5296, 133, 73, 164, 104
73.5259, 1, 109, 64, 140
73.5222, 215, 167, 230, 182
73.5074, 195, 219, 210, 234
73.5037, 177, 157, 208, 172
73.5, 269, 49, 284, 176
73.4816, 177, 33, 192, 64
73.402, 313, 11, 376, 26
73.402, 33, 105, 48, 168
73.3946, 197, 183, 228, 198
73.391, 57, 97, 72, 128
73.3873, 73, 101, 88, 116
73.304, 249, 77, 264, 92
73.304, 115, 29, 130, 60
73.2966, 79, 121, 94, 184
73.2856, 193, 157, 224, 172
73.1949, 35, 61, 50, 76
73.1912, 49, 169, 112, 232
73.1839, 257, 95, 288, 110
73.1839, 73, 145, 104, 272
73.1802, 177, 51, 192, 66
73.1802, 43, 89, 58, 104
73.0822, 259, 161, 274, 176
73.0748, 47, 77, 62, 92
73.0748, 233, 119, 296, 134
73.0637, 331, 3, 346, 18
72.8566, 379, 33, 394, 64
72.8529, 153, 249, 168, 280
72.8492, 157, 61, 172, 76
72.8419, 23, 97, 38, 112
72.8345, 277, 113, 292, 176
72.816, 15, 67, 30, 82
72.7475, 81, 59, 144, 74
72.7475, 133, 25, 148, 56
72.7475, 69, 137, 100, 200
72.7402, 109, 65, 140, 80
72.7365, 117, 121, 132, 136
72.7365, 13, 97, 44, 224
72.7291, 169, 7, 200, 22
72.7291, 181, 145, 196, 176
72.718, 225, 31, 288, 46
72.6274, 97, 173, 160, 204
72.6237, 213, 49, 228, 176
72.62, 353, 35, 384, 50
72.62, 129, 113, 160, 128
72.62, 289, 33, 304, 64
72.6126, 223, 167, 238, 182
72.5942, 105, 81, 120, 144
72.5905, 81, 139, 112, 154
72.5183, 41, 119, 104, 134
72.5146, 223, 61, 238, 92
72.5109, 115, 225, 130, 240
72.5035, 129, 233, 160, 264
72.4925, 49, 145, 176, 272
72.4888, 193, 97, 256, 224
72.4018, 97, 69, 128, 100
72.3945, 289, 3, 320, 18
72.3945, 117, 125, 148, 156
72.3908, 97, 201, 224, 232
72.3834, 157, 89, 188, 152
72.3723, 241, 1, 368, 32
72.3649, 51, 17, 66, 48
72.2891, 25, 1, 56, 32
72.2891, 289, 161, 320, 192
72.2854, 153, 93, 168, 124
72.278, 277, 29, 308, 44
72.278, 151, 145, 166, 272
72.1837, 233, 161, 296, 224
72.1763, 97, 199, 160, 214
72.1763, 101, 49, 132, 80
72.1726, 169, 213, 200, 228
72.1652, 145, 57, 176, 88
72.1578, 161, 51, 192, 66
72.1542, 129, 65, 384, 128
72.0672, 365, 33, 380, 64
72.0635, 201, 51, 232, 66
72.0635, 95, 177, 110, 300
72.0598, 185, 15, 248, 30
72.0598, 71, 81, 86, 144
72.0562, 343, 3, 358, 18
72.0562, 361, 11, 392, 26
72.0525, 259, 5, 274, 20
72.0525, 205, 49, 236, 80
72.0303, 129, 5, 256, 36
71.9508, 169, 57, 232, 72
71.9508, 269, 89, 284, 152
71.9434, 37, 87, 52, 102
71.9323, 45, 81, 60, 144
71.9249, 61, 97, 92, 128
71.9212, 133, 33, 164, 64
71.8491, 41, 141, 104, 172
71.8417, 105, 193, 136, 224
71.8343, 215, 153, 230, 184
71.8306, 209, 161, 224, 176
71.8306, 293, 27, 324, 42
71.8306, 241, 167, 304, 182
71.8269, 173, 169, 204, 184
71.8048, 101, 105, 116, 136
71.7289, 1, 93, 32, 124
71.7289, 233, 185, 296, 216
71.7215, 33, 81, 48, 144
71.6198, 95, 185, 110, 216
71.6161, 283, 133, 298, 148
71.6161, 89, 169, 152, 184
71.6124, 113, 209, 128, 240
71.6087, 247, 125, 262, 156
71.6051, 305, 27, 368, 42
71.6014, 165, 157, 196, 172
71.6014, 25, 1, 56, 64
71.5107, 225, 49, 288, 80
71.507, 287, 153, 302, 168
71.5034, 243, 75, 258, 90
71.5034, 201, 123, 264, 138
71.496, 277, 111, 308, 126
71.2778, 237, 243, 268, 258
71.2778, 171, 53, 186, 84
71.2778, 229, 97, 260, 128
71.2741, 199, 5, 214, 20
71.2704, 247, 113, 262, 240
71.2667, 301, 35, 332, 50
71.2631, 63, 61, 78, 92
71.1687, 139, 137, 154, 168
71.165, 217, 145, 232, 272
71.1577, 249, 89, 312, 152
71.0486, 161, 179, 224, 194
71.0449, 35, 73, 50, 88
71.0449, 199, 105, 214, 168
71.0338, 209, 161, 336, 288
71.0301, 209, 109, 336, 140
71.0191, 89, 97, 104, 224
70.9469, 257, 113, 288, 176
70.9432, 183, 113, 198, 240
70.9395, 209, 45, 272, 60
70.9284, 209, 129, 224, 256
70.9247, 249, 29, 312, 44
70.8341, 81, 65, 144, 80
70.8341, 263, 81, 278, 144
70.8157, 213, 137, 244, 168
70.7177, 153, 77, 216, 108
70.7177, 49, 145, 112, 272
70.7103, 145, 91, 208, 106
70.7066, 193, 193, 224, 256
70.7029, 175, 161, 190, 288
70.6086, 95, 185, 110, 248
70.6012, 257, 13, 288, 28
70.6012, 273, 13, 336, 28
70.5975, 223, 153, 238, 216
70.4958, 161, 131, 224, 146
70.4884, 265, 85, 280, 116
70.4847, 217, 5, 232, 20
70.4847, 237, 141, 268, 172
70.4847, 169, 89, 184, 152
70.481, 145, 213, 176, 244
70.3867, 385, 33, 400, 64
70.3867, 109, 237, 140, 268
70.383, 153, 49, 168, 64
70.383, 209, 15, 240, 30
70.3793, 169, 245, 200, 276
70.3646, 1, 87, 16, 102
70.3572, 239, 129, 254, 144
70.2703, 197, 97, 228, 160
70.2666, 275, 165, 290, 196
70.2666, 97, 189, 160, 220
70.2629, 295, 33, 310, 64
70.2629, 261, 113, 292, 144
70.2592, 337, 3, 352, 18
70.2592, 187, 7, 202, 22
70.2592, 193, 201, 320, 264
70.2333, 43, 51, 58, 66
70.1612, 241, 37, 272, 68
70.1575, 235, 167, 250, 182
70.1575, 81, 237, 144, 268
70.1427, 57, 55, 88, 70
70.139, 217, 241, 248, 300
70.041, 161, 105, 192, 120
70.041, 169, 117, 232, 148
70.0373, 219, 173, 234, 188
70.0373, 1, 87, 32, 102
70.0373, 137, 7, 200, 22
70.0336, 73, 9, 136, 24
69.9393, 113, 17, 128, 48
69.9356, 1, 193, 128, 224
69.9319, 173, 221, 204, 236
69.9209, 125, 97, 156, 224
69.9172, 257, 35, 320, 50
69.9061, 225, 57, 288, 120
69.9061, 197, 129, 228, 256
69.8229, 113, 99, 128, 114
69.8192, 109, 81, 124, 96
69.8192, 217, 193, 232, 256
69.8155, 239, 173, 254, 188
69.8118, 363, 11, 378, 26
69.8118, 161, 153, 224, 168
69.8118, 113, 215, 176, 230
69.8118, 201, 117, 232, 148
69.7138, 273, 145, 400, 272
69.7101, 239, 37, 254, 68
69.7064, 121, 13, 152, 44
69.7027, 177, 185, 208, 216
69.7027, 183, 161, 198, 288
69.6953, 29, 117, 60, 132
69.5752, 169, 9, 200, 40
69.4845, 81, 85, 96, 116
69.4845, 137, 161, 200, 192
69.4845, 233, 197, 296, 228
69.4772, 253, 225, 268, 256
69.4735, 309, 3, 324, 18
69.4735, 207, 81, 222, 208
69.4624, 81, 97, 144, 112
69.4624, 253, 65, 284, 128
69.3644, 209, 161, 240, 224
69.357, 189, 205, 220, 236
69.357, 169, 97, 200, 160
69.3496, 163, 29, 178, 60
69.3422, 137, 193, 200, 256
69.259, 95, 167, 110, 182
69.2553, 287, 81, 302, 144
69.2516, 173, 221, 204, 252
69.2516, 139, 217, 154, 280
69.2479, 349, 11, 380, 26
69.2479, 249, 13, 312, 28
69.1388, 303, 3, 318, 18
69.1388, 179, 7, 194, 22
69.1388, 245, 13, 276, 28
69.1352, 271, 5, 286, 20
69.1352, 77, 9, 108, 24
69.1352, 333, 27, 364, 42
69.1352, 225, 161, 352, 224
69.1241, 239, 123, 254, 138
69.113, 269, 85, 284, 100
69.0408, 69, 97, 100, 224
69.0335, 211, 121, 226, 152
69.0298, 201, 193, 232, 224
69.0261, 113, 145, 128, 272
69.0224, 223, 157, 238, 188
69.0224, 145, 113, 208, 144
69.0224, 141, 97, 172, 224
69.0187, 47, 85, 62, 116
69.0039, 177, 137, 240, 200
68.9207, 205, 231, 236, 246
68.9207, 89, 163, 152, 178
68.9096, 219, 57, 234, 72
68.9059, 157, 115, 188, 130
68.9059, 67, 45, 82, 76
68.819, 105, 203, 136, 218
68.8153, 13, 85, 44, 100
68.8116, 49, 83, 80, 98
68.8116, 291, 165, 306, 196
68.8005, 325, 11, 356, 26
68.8005, 181, 175, 212, 190
68.7025, 233, 209, 296, 224
68.6988, 85, 29, 116, 60
68.6988, 137, 161, 152, 288
68.6951, 193, 89, 256, 120
68.6915, 229, 97, 260, 160
68.6878, 279, 5, 294, 20
68.6841, 65, 17, 80, 32
68.673, 125, 123, 140, 138
68.6656, 249, 153, 280, 184
68.5934, 53, 27, 84, 42
68.5861, 111, 113, 126, 176
68.5861, 85, 145, 100, 272
68.5787, 13, 25, 28, 88
68.575, 235, 179, 250, 194
68.575, 81, 17, 112, 32
68.477, 249, 37, 264, 68
68.4696, 73, 9, 88, 24
68.4659, 265, 3, 280, 18
68.4659, 215, 217, 230, 280
68.4548, 137, 45, 168, 60
68.3605, 105, 141, 168, 172
68.3568, 157, 161, 172, 288
68.3531, 105, 125, 136, 140
68.3494, 213, 181, 244, 212
68.2551, 281, 165, 344, 196
68.2441, 275, 95, 290, 110
68.2404, 117, 41, 148, 56
68.2404, 209, 245, 240, 276
68.2367, 359, 33, 374, 48
68.1202, 55, 81, 70, 144
68.1091, 257, 81, 288, 96
68.1091, 257, 157, 320, 188
68.0296, 231, 97, 246, 160
68.0222, 169, 113, 232, 128
68.0222, 113, 153, 144, 184
68.0185, 205, 5, 220, 20
68.0185, 237, 129, 252, 192
68.0148, 199, 179, 214, 194
68.0148, 313, 35, 344, 50
68.0111, 337, 11, 400, 26
68.0111, 81, 157, 144, 172
68.0074, 217, 49, 232, 80
67.9057, 109, 69, 124, 100
67.891, 145, 89, 208, 152
67.8873, 43, 97, 58, 128
67.804, 255, 37, 270, 68
67.804, 119, 237, 134, 268
67.7893, 293, 29, 308, 44
67.7893, 233, 13, 264, 28
67.7893, 153, 15, 216, 30
67.7893, 201, 121, 264, 152
67.6839, 241, 143, 304, 158
67.6839, 143, 245, 158, 276
67.6765, 53, 69, 84, 84
67.6728, 193, 133, 224, 148
67.5822, 103, 17, 118, 48
67.5785, 229, 53, 244, 68
67.5785, 181, 185, 212, 200
67.5711, 217, 131, 248, 146
67.5674, 33, 79, 96, 94
67.5527, 25, 81, 88, 144
67.5268, 1, 13, 128, 44
67.462, 203, 193, 218, 208
67.462, 117, 133, 148, 148
67.4583, 281, 13, 312, 28
67.4547, 165, 163, 196, 178
67.4547, 337, 35, 400, 50
67.451, 41, 79, 56, 94
67.3603, 105, 239, 136, 254
67.3456, 295, 3, 310, 18
67.3419, 247, 13, 262, 28
67.3419, 191, 151, 206, 166
67.3345, 193, 133, 256, 148
67.3308, 121, 55, 184, 70
67.3308, 187, 141, 202, 172
67.3308, 101, 161, 132, 288
67.2402, 81, 185, 112, 216
67.2328, 171, 217, 186, 280
67.2291, 105, 17, 168, 32
67.2254, 241, 31, 272, 46
67.2107, 97, 69, 160, 100
67.1311, 161, 145, 224, 160
67.1274, 165, 113, 180, 144
67.12, 317, 35, 332, 50
67.12, 141, 161, 172, 176
67.1163, 169, 233, 232, 264
67.109, 201, 143, 232, 158
67.109, 37, 97, 68, 160
67.1053, 289, 113, 304, 176
67.1053, 129, 217, 384, 280
67.0979, 49, 81, 80, 144
67.0831, 29, 13, 60, 44
67.0183, 17, 135, 32, 150
67.0109, 293, 13, 324, 28
67.0109, 153, 57, 216, 88
67.0073, 377, 11, 392, 26
67.0036, 223, 31, 238, 46
67.0036, 141, 39, 172, 54
66.9999, 361, 27, 392, 42
66.9999, 261, 101, 292, 132
66.9999, 177, 153, 192, 216
66.9056, 113, 49, 128, 80
66.9019, 81, 145, 96, 208
66.8945, 89, 49, 120, 80
66.8945, 137, 193, 200, 224
66.8945, 99, 145, 114, 208
66.8908, 221, 13, 252, 28
66.8908, 173, 93, 204, 124
66.8908, 161, 229, 288, 260
66.7928, 265, 85, 328, 100
66.7854, 183, 177, 198, 240
66.7817, 87, 9, 102, 24
66.7817, 105, 43, 136, 58
66.7817, 121, 37, 184, 52
66.778, 241, 169, 272, 184
66.7743, 49, 193, 176, 256
66.6726, 149, 61, 180, 76
66.6726, 83, 97, 98, 224
66.6689, 129, 105, 192, 120
66.6689, 193, 173, 208, 204
66.6616, 229, 35, 260, 50
66.6616, 281, 113, 312, 176
66.6579, 243, 113, 258, 144
66.6579, 177, 145, 208, 176
66.5636, 165, 259, 196, 274
66.5599, 111, 107, 126, 122
66.5599, 217, 153, 280, 168
66.5599, 215, 241, 230, 272
66.5599, 151, 89, 166, 152
66.5562, 269, 13, 300, 28
66.5525, 149, 265, 180, 280
66.5525, 249, 165, 280, 196
66.5488, 185, 241, 248, 300
66.5451, 279, 109, 294, 140
66.4434, 193, 5, 208, 20
66.4397, 25, 89, 56, 104
66.4323, 179, 9, 194, 40
66.4286, 221, 49, 236, 64
66.3454, 109, 29, 124, 60
66.3417, 163, 219, 178, 234
66.338, 197, 105, 228, 120
66.3306, 159, 109, 174, 140
66.3269, 207, 133, 222, 148
66.3269, 81, 17, 144, 32
66.3122, 67, 1, 82, 32
66.2252, 81, 233, 144, 296
66.2215, 79, 9, 94, 24
66.2215, 161, 213, 224, 228
66.2179, 369, 11, 384, 26
66.2179, 233, 13, 248, 28
66.2105, 275, 107, 290, 122
66.1957, 193, 1, 320, 32
66.1199, 1, 1, 64, 16
66.1199, 35, 129, 50, 160
66.1125, 35, 17, 50, 32
66.1125, 143, 13, 158, 44
66.1125, 185, 105, 200, 168
66.0866, 193, 1, 256, 32
66.0034, 101, 77, 132, 92
65.9997, 131, 225, 146, 256
65.9923, 257, 137, 384, 168
65.8906, 283, 159, 298, 174
65.8906, 127, 13, 142, 44
65.8906, 245, 209, 260, 272
65.8869, 233, 217, 248, 280
65.8795, 17, 109, 48, 140
65.8759, 269, 129, 300, 256
65.7852, 153, 261, 168, 276
65.7852, 49, 177, 112, 208
65.7815, 17, 153, 48, 184
65.7778, 119, 109, 134, 140
65.7742, 173, 53, 204, 68
65.7742, 257, 107, 288, 122
65.7557, 273, 1, 336, 32
65.6688, 19, 53, 34, 84
65.6688, 89, 209, 120, 272
65.6651, 107, 189, 122, 220
65.6651, 231, 241, 246, 272
65.556, 163, 267, 178, 282
65.5523, 75, 113, 90, 144
65.5486, 245, 113, 276, 176
65.5449, 357, 11, 372, 26
65.5449, 221, 161, 252, 224
65.5302, 217, 1, 248, 32
65.5302, 225, 177, 288, 300
65.4432, 131, 111, 146, 126
65.4395, 233, 107, 296, 122
65.4395, 73, 33, 104, 64
65.4358, 285, 3, 300, 18
65.4321, 153, 137, 216, 152
65.4285, 165, 51, 180, 66
65.4137, 107, 97, 122, 128
65.3268, 193, 185, 208, 216
65.3194, 169, 259, 232, 274
65.3194, 141, 149, 172, 180
65.3157, 225, 85, 256, 116
65.3157, 215, 169, 230, 232
65.312, 263, 153, 278, 184
65.2251, 203, 249, 218, 280
65.2214, 119, 113, 134, 128
65.2177, 149, 123, 180, 138
65.214, 253, 165, 268, 196
65.2103, 27, 97, 42, 160
65.2103, 177, 177, 192, 240
65.2066, 363, 27, 378, 42
65.1918, 113, 1, 176, 32
65.1881, 73, 1, 88, 32
65.0975, 15, 97, 30, 160
65.0975, 245, 121, 260, 184
65.0975, 221, 137, 252, 200
65.0938, 351, 27, 366, 42
65.0938, 287, 29, 302, 44
64.9921, 133, 71, 148, 86
64.9811, 213, 217, 244, 280
64.9774, 265, 35, 296, 50
64.9737, 79, 129, 94, 160
64.97, 161, 93, 224, 124
64.8867, 163, 73, 178, 104
64.8867, 261, 193, 292, 224
64.8757, 181, 217, 196, 280
64.8757, 129, 145, 144, 272
64.872, 333, 35, 364, 50
64.872, 209, 237, 272, 252
64.8683, 229, 35, 244, 50
64.8683, 137, 125, 200, 156
64.8609, 277, 113, 292, 128
64.7703, 293, 163, 308, 178
64.7703, 201, 93, 232, 124
64.7592, 353, 35, 368, 50
64.7592, 89, 9, 120, 24
64.7518, 129, 161, 256, 192
64.7481, 273, 145, 304, 208
64.6575, 193, 259, 224, 274
64.6538, 231, 67, 246, 82
64.6427, 237, 137, 252, 152
64.6391, 281, 35, 344, 50
64.5447, 121, 237, 184, 252
64.541, 115, 73, 130, 88
64.541, 261, 119, 292, 134
64.53, 309, 11, 340, 26
64.432, 137, 253, 168, 268
64.4283, 147, 225, 162, 288
64.4246, 109, 13, 140, 44
64.4209, 321, 27, 352, 42
64.4135, 349, 27, 380, 42
64.3081, 261, 145, 292, 208
64.2101, 281, 145, 344, 272
64.2064, 85, 19, 100, 34
64.2064, 153, 267, 216, 282
64.2027, 261, 13, 276, 28
64.2027, 269, 13, 284, 28
64.199, 129, 39, 160, 54
64.1954, 225, 13, 240, 28
64.1954, 229, 181, 260, 196
64.188, 199, 193, 214, 256
64.0973, 225, 251, 256, 266
64.0937, 269, 79, 284, 94
64.09, 177, 231, 208, 246
64.0826, 233, 97, 248, 224
64.0789, 145, 217, 208, 248
63.9956, 5, 109, 36, 140
63.992, 89, 147, 120, 162
63.9846, 145, 97, 160, 160
63.8755, 245, 249, 276, 280
63.8718, 97, 193, 160, 208
63.8718, 49, 165, 112, 196
63.8533, 1, 233, 256, 296
63.8386, 73, 1, 104, 32
63.7553, 285, 81, 316, 144
63.7443, 217, 241, 280, 272
63.6499, 281, 89, 344, 152
63.5372, 81, 187, 112, 202
63.5298, 137, 193, 168, 256
63.5261, 189, 129, 220, 160
63.5187, 329, 27, 392, 42
63.5113, 191, 97, 206, 224
63.4281, 69, 85, 100, 100
63.4281, 109, 233, 140, 296
63.4244, 185, 65, 248, 80
63.4207, 29, 129, 60, 160
63.417, 205, 57, 236, 72
63.417, 221, 69, 252, 84
63.4096, 337, 11, 368, 26
63.4096, 305, 27, 336, 42
63.4059, 163, 121, 178, 184
63.3116, 177, 109, 208, 140
63.3116, 153, 265, 216, 296
63.3079, 165, 149, 196, 164
63.3042, 185, 15, 216, 30
63.2858, 217, 65, 280, 96
63.1952, 129, 239, 160, 254
63.1915, 201, 109, 264, 140
63.1915, 1, 1, 32, 256
63.0787, 113, 137, 144, 168
63.0713, 161, 109, 192, 140
63.0676, 129, 253, 256, 284
63.0602, 269, 97, 300, 160
62.9696, 73, 169, 104, 232
62.9475, 65, 145, 128, 208
62.8642, 105, 71, 136, 86
62.8642, 269, 133, 300, 148
62.8605, 241, 65, 368, 96
62.8605, 219, 129, 234, 192
62.8458, 169, 237, 232, 252
62.8421, 287, 129, 302, 256
62.8347, 241, 97, 368, 224
62.7552, 273, 97, 400, 160
62.7478, 173, 121, 204, 152
62.7441, 153, 207, 216, 222
62.7441, 225, 209, 288, 272
62.7404, 185, 153, 248, 168
62.7367, 141, 213, 172, 228
62.7293, 289, 35, 320, 50
62.7182, 277, 49, 292, 176
62.6387, 273, 85, 304, 100
62.6387, 129, 253, 192, 268
62.6387, 153, 189, 184, 220
62.6313, 135, 97, 150, 224
62.6313, 245, 161, 260, 288
62.6276, 253, 141, 284, 172
62.6239, 225, 233, 240, 296
62.5259, 241, 249, 304, 280
62.4131, 1, 201, 128, 264
62.4095, 273, 141, 304, 156
62.4095, 169, 65, 184, 128
62.3984, 41, 67, 104, 82
62.3873, 177, 61, 304, 92
62.3873, 209, 241, 272, 300
62.3041, 89, 213, 120, 244
62.3004, 129, 69, 160, 84
62.2967, 189, 151, 220, 166
62.293, 129, 247, 160, 262
62.293, 233, 129, 264, 192
62.1876, 69, 59, 100, 74
62.1876, 157, 265, 188, 296
62.1839, 157, 157, 188, 188
62.1765, 233, 129, 264, 160
62.1692, 185, 189, 248, 220
62.0785, 273, 111, 336, 126
62.0785, 113, 145, 176, 160
62.0748, 113, 159, 144, 174
62.0711, 225, 203, 256, 218
62.0453, 281, 161, 296, 224
61.9731, 41, 153, 104, 184
61.9621, 17, 225, 144, 288
61.9621, 121, 129, 136, 256
61.9584, 33, 237, 160, 268
61.951, 157, 217, 188, 248
61.951, 13, 1, 44, 256
61.853, 113, 137, 176, 152
61.853, 285, 145, 316, 272
61.8419, 157, 7, 188, 22
61.8419, 133, 121, 164, 152
61.8382, 149, 121, 164, 184
61.8271, 225, 125, 352, 156
61.8198, 161, 1, 224, 32
61.7439, 209, 49, 336, 80
61.7439, 119, 233, 134, 296
61.7365, 185, 233, 216, 264
61.7254, 225, 85, 352, 116
61.6274, 1, 123, 64, 138
61.6201, 209, 139, 272, 154
61.6201, 223, 105, 238, 168
61.6164, 253, 153, 284, 168
61.6127, 137, 253, 200, 284
61.6127, 169, 185, 184, 248
61.5184, 225, 53, 256, 68
61.511, 89, 175, 152, 190
61.5073, 193, 207, 224, 222
61.5036, 117, 225, 148, 256
61.4093, 49, 181, 112, 196
61.3761, 241, 77, 304, 108
61.3687, 73, 145, 136, 272
61.2928, 237, 49, 268, 80
61.2891, 273, 105, 336, 136
61.2781, 17, 113, 80, 128
61.267, 257, 129, 320, 256
61.2596, 109, 77, 140, 108
61.1764, 87, 169, 102, 232
61.169, 137, 137, 200, 168
61.1653, 121, 65, 152, 96
61.1616, 149, 105, 180, 136
61.1616, 141, 129, 156, 192
61.0636, 103, 217, 118, 280
61.0562, 225, 109, 256, 140
61.0525, 141, 85, 172, 116
61.0488, 233, 241, 264, 272
60.9545, 265, 73, 328, 104
60.9508, 157, 169, 188, 200
60.9471, 145, 65, 160, 128
60.9397, 153, 219, 216, 234
60.936, 81, 185, 144, 248
60.936, 223, 113, 238, 240
60.925, 217, 1, 280, 32
60.925, 225, 149, 352, 180
60.8417, 261, 129, 276, 256
60.838, 129, 161, 192, 176
60.838, 137, 167, 200, 182
60.838, 65, 97, 80, 160
60.729, 73, 169, 104, 200
60.7179, 113, 9, 176, 24
60.7179, 221, 185, 252, 248
60.7142, 97, 241, 224, 272
60.7105, 69, 45, 100, 76
60.7105, 225, 89, 352, 152
60.7105, 107, 145, 122, 272
60.6957, 181, 5, 212, 36
60.6236, 41, 169, 104, 184
60.6162, 253, 201, 268, 264
60.6125, 145, 229, 208, 260
60.6125, 121, 121, 136, 184
60.6051, 225, 141, 256, 172
60.6014, 129, 15, 192, 30
60.5977, 225, 49, 256, 80
60.5977, 133, 241, 164, 300
60.5867, 81, 1, 144, 32
60.4923, 145, 57, 208, 72
60.4776, 281, 1, 312, 32
60.4702, 121, 225, 152, 288
60.3943, 1, 209, 128, 240
60.3943, 25, 97, 40, 224
60.3833, 155, 161, 170, 224
60.3537, 321, 21, 384, 52
60.2742, 189, 113, 220, 144
60.2557, 281, 89, 296, 152
60.1688, 57, 193, 120, 256
60.1393, 145, 9, 176, 40
60.0449, 25, 109, 88, 140
59.9322, 219, 241, 234, 300
59.9211, 133, 9, 164, 40
59.91, 281, 149, 312, 180
59.8342, 261, 233, 292, 264
59.8157, 81, 151, 144, 166
59.812, 277, 193, 292, 256
59.8046, 161, 241, 288, 300
59.7214, 257, 233, 320, 264
59.7177, 125, 193, 156, 256
59.714, 145, 153, 160, 216
59.7103, 153, 231, 216, 246
59.7103, 157, 129, 172, 192
59.7066, 65, 69, 96, 100
59.7066, 189, 185, 220, 216
59.6882, 185, 129, 200, 192
59.616, 273, 117, 400, 148
59.6049, 81, 239, 144, 254
59.5975, 253, 209, 284, 240
59.3831, 49, 175, 112, 190
59.3831, 241, 253, 304, 268
59.3794, 265, 65, 296, 96
59.3794, 201, 205, 232, 236
59.3683, 77, 145, 108, 176
59.2703, 17, 13, 48, 44
59.2629, 221, 197, 252, 228
59.2482, 161, 101, 224, 116
59.2371, 85, 1, 116, 32
59.1575, 209, 231, 272, 246
59.1502, 213, 113, 244, 144
58.9357, 127, 129, 142, 192
58.9283, 17, 125, 80, 156
58.9246, 153, 201, 216, 216
58.9172, 177, 221, 240, 252
58.9172, 257, 161, 320, 224
58.9062, 241, 129, 368, 192
58.8303, 41, 163, 104, 178
58.7897, 269, 85, 300, 116
58.7028, 211, 97, 226, 160
58.7028, 145, 153, 176, 216
58.6954, 13, 97, 44, 128
58.5974, 113, 153, 176, 168
58.5863, 209, 225, 224, 288
58.4735, 239, 89, 254, 152
58.4698, 105, 209, 168, 272
58.4624, 293, 1, 324, 32
58.3792, 41, 153, 104, 168
58.3792, 273, 173, 400, 204
58.3718, 209, 265, 240, 296
58.3718, 33, 57, 48, 120
58.2406, 73, 53, 136, 68
58.15, 157, 241, 188, 272
58.1352, 153, 119, 216, 134
58.0409, 121, 185, 136, 248
58.0372, 225, 57, 288, 72
58.0335, 257, 105, 384, 136
58.0261, 137, 201, 168, 232
58.0224, 281, 141, 344, 172
58.0224, 239, 97, 254, 224
58.0151, 129, 245, 160, 276
58.0077, 305, 1, 336, 32
57.9134, 237, 177, 268, 208
57.9023, 289, 137, 304, 200
57.7932, 171, 161, 186, 224
57.7821, 105, 1, 136, 32
57.6989, 57, 205, 120, 236
57.6952, 241, 241, 304, 300
57.6878, 169, 125, 232, 140
57.5861, 269, 129, 284, 256
57.5714, 177, 197, 240, 212
57.5677, 205, 241, 236, 300
57.564, 65, 73, 80, 136
57.4475, 205, 1, 236, 32
57.3532, 193, 209, 256, 224
57.3347, 269, 1, 300, 32
57.2552, 253, 193, 284, 256
57.2257, 241, 65, 272, 96
57.2257, 265, 65, 296, 128
57.222, 89, 37, 152, 68
57.2183, 137, 1, 200, 32
57.135, 269, 177, 284, 240
57.1313, 201, 249, 264, 264
57.1313, 121, 261, 152, 292
57.1276, 129, 225, 192, 240
57.0259, 233, 185, 296, 200
57.0259, 261, 233, 292, 296
57.0186, 273, 171, 336, 186
56.9964, 193, 1, 224, 32
56.9927, 101, 145, 116, 272
56.9058, 25, 49, 40, 176
56.9021, 145, 113, 208, 128
56.9021, 227, 185, 242, 248
56.9021, 233, 185, 248, 248
56.8763, 345, 21, 376, 52
56.7856, 13, 85, 44, 116
56.6876, 257, 209, 384, 272
56.6766, 237, 109, 268, 140
56.6766, 233, 161, 264, 224
56.6729, 127, 97, 142, 224
56.353, 273, 197, 400, 228
56.3493, 65, 225, 128, 256
56.3493, 37, 121, 68, 184
56.3493, 9, 113, 72, 240
56.3124, 1, 217, 400, 280
56.2292, 129, 149, 192, 180
56.109, 113, 177, 144, 300
56.0221, 273, 185, 400, 216
55.9925, 57, 145, 120, 160
55.9925, 31, 65, 46, 192
55.9852, 157, 193, 188, 256
55.8945, 201, 187, 264, 202
55.8798, 49, 169, 176, 232
55.7855, 193, 91, 256, 106
55.7818, 1, 161, 64, 224
55.7486, 1, 177, 400, 300
55.6838, 289, 161, 352, 176
55.6727, 31, 1, 46, 128
55.5562, 19, 97, 34, 224
55.5488, 185, 203, 248, 218
55.5452, 151, 97, 166, 224
55.4545, 241, 233, 368, 264
55.3307, 105, 241, 168, 300
55.327, 105, 237, 168, 268
55.2105, 281, 121, 344, 184
55.1162, 289, 153, 352, 184
55.1125, 121, 243, 184, 258
55.0867, 249, 1, 312, 32
54.9924, 49, 209, 176, 240
54.9813, 97, 227, 160, 242
54.8944, 281, 181, 344, 212
54.8907, 273, 149, 400, 180
54.8796, 25, 121, 56, 184
54.6688, 65, 231, 128, 246
54.6393, 249, 65, 312, 128
54.5524, 97, 187, 160, 202
54.447, 97, 181, 160, 196
54.4433, 241, 233, 368, 296
54.4248, 193, 263, 256, 278
54.4174, 249, 101, 312, 132
54.3305, 1, 121, 32, 184
54.3231, 49, 197, 176, 228
54.3084, 177, 261, 240, 292
54.214, 201, 103, 264, 118
54.203, 173, 73, 204, 136
54.1993, 97, 241, 352, 300
54.1086, 233, 199, 296, 214
54.1013, 137, 131, 200, 146
54.0976, 209, 189, 272, 220
54.0865, 273, 153, 336, 168
53.9774, 193, 201, 256, 232
53.7556, 145, 125, 208, 140
53.7519, 257, 173, 320, 204
53.7482, 25, 81, 56, 208
53.6465, 241, 241, 272, 300
53.6317, 221, 97, 252, 224
53.5448, 257, 57, 384, 120
53.5374, 209, 201, 272, 216
53.4357, 177, 25, 240, 40
53.4357, 273, 91, 336, 106
53.4136, 1, 97, 32, 224
53.4025, 203, 129, 218, 256
53.3008, 249, 79, 312, 94
53.2102, 1, 221, 128, 252
53.1843, 49, 177, 176, 208
53.1011, 49, 189, 112, 220
53.0937, 1, 105, 64, 120
52.9846, 249, 61, 312, 92
52.9735, 169, 93, 232, 108
52.9699, 81, 209, 144, 272
52.8792, 49, 189, 112, 204
52.8755, 273, 177, 400, 240
52.8718, 33, 145, 96, 160
52.8718, 121, 173, 184, 204
52.7554, 153, 85, 216, 100
52.7554, 1, 207, 64, 222
52.6463, 89, 259, 152, 274
52.6426, 59, 97, 74, 224
52.6315, 153, 225, 216, 240
52.5298, 137, 195, 200, 210
52.5262, 177, 119, 240, 134
52.5262, 65, 211, 128, 226
52.4245, 273, 213, 336, 244
52.4097, 201, 261, 264, 292
52.2969, 283, 177, 298, 300
52.2063, 289, 129, 352, 160
52.2026, 33, 249, 160, 280
52.1989, 97, 37, 160, 52
52.1989, 273, 209, 336, 272
52.1805, 89, 233, 152, 248
52.0492, 209, 57, 336, 120
51.8643, 257, 221, 384, 252
51.8384, 153, 241, 216, 300
51.7515, 233, 63, 296, 78
51.7294, 193, 241, 320, 272
51.7257, 89, 225, 152, 256
51.6387, 201, 269, 264, 284
51.6387, 241, 245, 368, 276
51.3874, 265, 193, 296, 256
51.3004, 9, 169, 40, 232
51.1766, 65, 153, 128, 184
51.0454, 101, 201, 132, 264
50.9621, 277, 209, 308, 272
50.8456, 201, 65, 232, 128
50.7181, 101, 137, 132, 200
50.7144, 285, 137, 316, 200
50.4926, 229, 241, 260, 300
50.3946, 185, 77, 248, 108
50.3835, 245, 97, 276, 224
50.2892, 295, 49, 310, 176
49.9546, 89, 249, 152, 280
49.9361, 225, 173, 352, 204
49.9361, 261, 177, 292, 300
49.729, 293, 49, 324, 176
49.7179, 273, 169, 304, 232
49.6089, 1, 161, 64, 288
49.5035, 5, 129, 20, 256
49.485, 129, 241, 192, 300
49.387, 273, 93, 336, 124
49.2705, 13, 121, 44, 184
49.0302, 209, 185, 272, 248
48.9433, 225, 257, 352, 288
48.4959, 273, 209, 400, 240
48.3757, 121, 153, 152, 216
48.263, 1, 173, 64, 204
48.2593, 215, 97, 230, 224
48.1502, 13, 145, 44, 272
48.1428, 161, 241, 192, 300
48.1354, 81, 213, 144, 244
48.1354, 177, 253, 304, 284
48.0485, 281, 117, 344, 148
48.0411, 15, 161, 30, 288
48.0374, 81, 257, 208, 288
47.9099, 137, 205, 200, 236
47.8267, 273, 81, 400, 112
47.7065, 97, 261, 160, 292
47.4846, 281, 185, 344, 248
47.3608, 13, 113, 28, 240
47.2554, 273, 201, 336, 232
47.2554, 225, 261, 288, 292
47.1389, 1, 201, 64, 232
47.0373, 53, 97, 84, 224
46.9245, 293, 105, 324, 168
46.906, 265, 129, 328, 160
46.8043, 145, 265, 272, 296
46.4623, 125, 129, 156, 192
46.4623, 255, 97, 270, 224
46.4586, 73, 181, 136, 212
46.4512, 1, 241, 400, 300
46.3532, 245, 169, 276, 232
46.1166, 249, 177, 280, 300
45.6692, 123, 177, 138, 300
45.5749, 25, 1, 40, 128
45.5528, 233, 229, 296, 260
45.2329, 281, 97, 344, 224
45.2255, 225, 201, 352, 232
44.9889, 249, 177, 312, 300
44.4177, 201, 49, 264, 80
44.1126, 19, 1, 34, 128
43.6541, 245, 137, 276, 200
43.6541, 141, 97, 156, 224
43.5524, 277, 57, 308, 120
43.5524, 17, 129, 80, 192
43.4286, 257, 189, 320, 220
43.3195, 213, 81, 244, 144
43.3121, 149, 241, 180, 300
43.105, 293, 145, 308, 272
42.9701, 81, 201, 144, 232
42.7704, 273, 65, 336, 128
42.6613, 273, 93, 400, 124
42.3119, 1, 161, 64, 192
42.079, 225, 189, 352, 220
41.981, 9, 177, 24, 300
41.9662, 49, 225, 176, 256
41.8682, 129, 265, 192, 296
41.5151, 275, 161, 290, 288
41.2933, 35, 113, 50, 240
41.0677, 249, 209, 312, 272
40.3948, 249, 209, 312, 240
40.3005, 297, 129, 328, 192
40.0749, 13, 1, 44, 64
40.0712, 1, 177, 32, 300
40.0639, 289, 97, 320, 224
39.8531, 285, 185, 316, 248
39.3983, 113, 161, 176, 192
39.3909, 9, 193, 40, 256
39.3835, 185, 81, 216, 144
39.0674, 37, 113, 68, 240
38.4998, 41, 113, 56, 240
38.4961, 1, 189, 64, 220
38.1652, 57, 217, 120, 280
37.8343, 1, 209, 64, 272
37.703, 293, 97, 308, 224
37.3647, 257, 185, 320, 248
37.252, 1, 149, 64, 180
36.7066, 65, 113, 80, 240
36.2555, 97, 269, 224, 300
36.2444, 273, 177, 304, 300
36.1316, 269, 177, 284, 300
35.8007, 9, 185, 72, 248
35.5825, 97, 233, 128, 296
34.6693, 1, 137, 64, 168
34.5565, 261, 177, 276, 300
34.4585, 1, 213, 64, 244
33.8946, 337, 177, 400, 300
33.4509, 29, 145, 44, 272
33.3382, 33, 177, 64, 240
33.3382, 25, 201, 56, 264
32.9925, 25, 129, 56, 256
32.1014, 25, 177, 88, 300
31.8758, 77, 113, 92, 240
31.7631, 5, 217, 36, 280
31.6503, 41, 145, 72, 208
31.323, 71, 97, 86, 224
30.9773, 57, 129, 88, 192
29.9624, 29, 153, 60, 216
29.857, 193, 269, 320, 300
29.857, 375, 97, 390, 224
29.6315, 297, 49, 360, 176
29.515, 365, 177, 396, 300
29.4059, 25, 177, 56, 300
28.5074, 369, 97, 400, 224
28.4964, 1, 145, 32, 208
28.3984, 25, 197, 88, 228
28.1728, 33, 261, 160, 292
27.9473, 23, 145, 38, 272
27.7291, 297, 153, 328, 216
27.718, 381, 177, 396, 300
27.5036, 37, 161, 68, 288
27.278, 47, 113, 62, 240
26.9434, 301, 49, 316, 176
26.8232, 329, 129, 392, 256
26.1466, 25, 161, 88, 224
25.7029, 37, 161, 52, 288
25.372, 265, 233, 328, 296
25.0337, 53, 113, 68, 240
24.9061, 21, 177, 52, 240
24.8081, 383, 97, 398, 224
24.5826, 1, 229, 64, 260
24.5826, 357, 81, 388, 208
24.357, 3, 177, 18, 300
24.357, 353, 177, 384, 300
24.3533, 375, 177, 390, 300
24.1315, 337, 49, 400, 176
24.0187, 337, 177, 400, 240
24.015, 33, 217, 96, 280
23.9096, 329, 201, 392, 264
23.7969, 337, 261, 400, 292
23.7932, 17, 241, 80, 300
23.4585, 337, 201, 400, 232
23.1239, 33, 249, 96, 280
23.1239, 337, 233, 400, 296
23.0112, 337, 173, 400, 204
22.5638, 317, 49, 348, 176
22.5601, 383, 49, 398, 176
22.4473, 25, 185, 88, 216
22.3382, 369, 97, 384, 224
22.3345, 299, 113, 314, 240
21.8871, 341, 161, 372, 288
21.7744, 337, 237, 400, 268
21.7744, 369, 177, 384, 300
21.7744, 329, 49, 360, 176
21.7707, 313, 177, 376, 300
21.6653, 317, 201, 348, 264
21.5488, 9, 241, 40, 300
21.5488, 321, 153, 384, 216
21.327, 305, 165, 368, 196
20.8759, 305, 185, 368, 216
20.7668, 307, 49, 322, 176
20.654, 73, 201, 104, 264
20.654, 365, 241, 396, 300
20.6503, 345, 49, 376, 176
20.6503, 317, 177, 348, 300
20.5412, 25, 209, 88, 240
20.5412, 337, 217, 400, 248
20.5412, 61, 209, 92, 272
20.312, 57, 237, 120, 268
20.2029, 359, 177, 374, 300
20.0939, 305, 49, 336, 176
20.0902, 369, 161, 400, 224
19.9774, 1, 257, 64, 288
19.8646, 313, 177, 344, 240
19.8646, 305, 97, 368, 224
19.7555, 21, 241, 52, 300
19.7518, 25, 173, 88, 204
19.7518, 337, 185, 400, 216
19.7518, 49, 177, 80, 240
19.6428, 313, 197, 376, 228
19.6428, 333, 97, 364, 224
19.6391, 63, 177, 78, 300
19.4172, 41, 241, 72, 300
19.4135, 369, 49, 400, 176
19.3045, 305, 129, 368, 192
19.3045, 305, 193, 368, 256
19.3045, 343, 49, 358, 176
19.1954, 281, 261, 344, 292
18.9698, 61, 177, 92, 240
18.9698, 301, 201, 332, 264
18.9661, 273, 261, 400, 292
18.9661, 41, 241, 104, 300
18.9661, 345, 113, 376, 240
18.8607, 305, 141, 368, 172
18.7443, 333, 49, 348, 176
18.7369, 329, 177, 360, 300
18.6241, 335, 177, 350, 300
18.5224, 317, 49, 332, 176
18.5224, 43, 161, 58, 288
18.406, 33, 193, 96, 256
18.2969, 361, 201, 392, 264
18.2969, 317, 241, 348, 300
18.2969, 71, 161, 86, 288
18.2932, 337, 249, 400, 280
18.2932, 309, 145, 340, 208
18.1804, 341, 185, 372, 248
17.9586, 297, 249, 360, 280
17.9549, 33, 229, 96, 260
17.9549, 349, 49, 364, 176
17.9549, 377, 49, 392, 176
17.8495, 337, 49, 400, 112
17.8458, 297, 209, 360, 240
17.7367, 339, 113, 354, 240
17.7293, 329, 169, 360, 232
17.6203, 369, 49, 384, 176
17.5112, 45, 217, 76, 280
17.5112, 349, 161, 364, 288
17.3984, 289, 233, 352, 264
17.3947, 1, 241, 64, 272
17.2856, 327, 49, 342, 176
17.2856, 301, 177, 316, 300
17.1729, 297, 177, 328, 240
17.0564, 57, 177, 88, 300
16.9473, 353, 145, 384, 208
16.8345, 337, 129, 400, 192
16.7218, 17, 269, 80, 300
16.6127, 297, 241, 360, 300
16.609, 321, 177, 336, 300
16.6053, 329, 177, 344, 300
16.4999, 329, 97, 392, 160
16.4962, 305, 177, 336, 300
16.4925, 341, 177, 356, 300
16.3872, 73, 265, 136, 296
16.2744, 313, 221, 376, 252
16.2707, 329, 161, 392, 192
16.2707, 329, 193, 360, 256
16.2707, 311, 177, 326, 300
16.1616, 85, 241, 116, 300
16.1616, 309, 129, 340, 256
16.0525, 329, 137, 360, 200
16.0525, 329, 241, 360, 300
16.0451, 357, 129, 388, 256
15.827, 321, 113, 352, 240
15.8233, 53, 153, 84, 216
15.6014, 49, 261, 112, 292
15.6014, 341, 145, 372, 208
15.6014, 363, 49, 378, 176
15.154, 369, 49, 400, 112
15.154, 353, 241, 384, 300
15.154, 349, 113, 364, 240
14.9285, 337, 141, 400, 172
14.9285, 289, 209, 320, 272
14.9248, 357, 129, 372, 256
14.8157, 329, 73, 392, 136
14.812, 333, 129, 348, 256
14.4774, 341, 241, 372, 300
14.4737, 357, 169, 388, 232
14.2556, 257, 265, 320, 296
14.2556, 285, 233, 316, 296
14.2556, 57, 161, 72, 288
14.2519, 265, 245, 328, 276
14.1428, 289, 81, 352, 112
14.03, 355, 49, 370, 176
13.9172, 363, 97, 378, 224
13.9136, 313, 237, 376, 268
13.8082, 329, 117, 392, 148
13.8045, 77, 161, 92, 288
13.8045, 49, 177, 64, 300
13.8008, 61, 241, 92, 300
13.6917, 57, 249, 120, 280
13.688, 73, 225, 104, 288
13.3571, 357, 121, 388, 184
13.3534, 249, 45, 312, 76
13.3534, 305, 217, 368, 280
13.248, 321, 45, 384, 76
13.2443, 337, 93, 400, 124
12.7969, 349, 89, 380, 152
12.7932, 313, 269, 376, 300
12.6841, 329, 69, 392, 100
12.5714, 311, 129, 326, 256
12.4549, 337, 81, 400, 112
12.3458, 369, 137, 400, 200
12.3458, 345, 209, 376, 272
11.6729, 273, 45, 400, 76
11.5638, 325, 113, 340, 240
11.4473, 309, 121, 340, 184
11.4437, 273, 241, 304, 300
11.3383, 297, 93, 360, 124
11.2181, 369, 73, 400, 136
11.1127, 281, 45, 344, 76
10.9963, 305, 233, 336, 296
10.5489, 369, 105, 400, 168
10.4361, 333, 217, 364, 280
10.327, 325, 73, 356, 136
10.1015, 305, 129, 320, 256
9.65407, 289, 57, 320, 120
9.5413, 337, 97, 368, 160
9.53761, 313, 49, 376, 112
9.31576, 273, 57, 336, 88
8.97744, 357, 49, 388, 112
8.7519, 321, 129, 384, 160
8.64282, 345, 65, 376, 128
8.3045, 313, 81, 376, 112
8.19173, 337, 105, 400, 136
7.74434, 305, 73, 368, 136
7.63156, 319, 129, 334, 256
6.95862, 289, 69, 352, 100
6.95862, 313, 73, 344, 136
6.73308, 297, 105, 360, 136
6.73308, 297, 81, 328, 144
6.50754, 345, 121, 376, 184
6.28569, 325, 113, 356, 176
5.95106, 337, 57, 400, 88
5.60906, 305, 117, 368, 148
4.60149, 301, 49, 332, 112
4.48872, 313, 57, 376, 88
4.48872, 313, 97, 344, 160
4.48503, 305, 97, 368, 160
