2776
210.123, 1, 121, 400, 184
208.202, 217, 81, 280, 208
201.68, 241, 161, 368, 192
200.578, 193, 97, 256, 224
196.064, 225, 97, 352, 224
195.074, 209, 157, 272, 188
191.924, 1, 97, 400, 224
191.695, 161, 81, 224, 208
190.942, 209, 105, 272, 168
190, 241, 153, 368, 216
189.698, 81, 81, 208, 208
189.465, 209, 163, 272, 178
189.003, 233, 85, 264, 116
188.345, 161, 81, 288, 208
188.094, 109, 81, 140, 112
188.029, 97, 81, 160, 208
187.887, 233, 145, 296, 176
185.969, 129, 129, 384, 192
185.398, 225, 137, 288, 200
185.296, 97, 89, 160, 120
184.973, 249, 177, 312, 208
184.627, 193, 153, 256, 216
184.507, 1, 81, 256, 208
184.503, 197, 113, 228, 240
184.045, 257, 161, 320, 224
183.612, 201, 169, 232, 232
183.169, 185, 153, 248, 184
182.754, 33, 81, 160, 208
182.405, 273, 105, 336, 136
181.721, 193, 105, 320, 168
181.386, 229, 81, 260, 208
181.266, 265, 153, 328, 184
181.041, 197, 137, 228, 200
180.826, 129, 89, 256, 120
179.909, 169, 65, 200, 192
179.695, 113, 101, 176, 116
179.342, 225, 89, 288, 120
178.796, 153, 97, 216, 160
178.582, 241, 113, 368, 176
178.476, 1, 97, 400, 160
178.236, 169, 165, 232, 196
177.672, 157, 149, 188, 180
177.552, 201, 113, 216, 240
176.996, 241, 97, 304, 224
176.887, 205, 113, 236, 176
176.683, 209, 177, 224, 240
175.191, 209, 105, 336, 136
175.071, 121, 137, 184, 200
174.958, 1, 145, 400, 208
174.315, 105, 173, 168, 204
174.097, 181, 65, 196, 192
174.075, 245, 165, 276, 196
173.849, 193, 109, 256, 124
173.649, 277, 189, 308, 220
173.507, 153, 149, 216, 180
173.507, 237, 81, 268, 144
173.383, 241, 173, 368, 204
172.838, 161, 137, 288, 200
172.507, 229, 157, 260, 188
172.052, 217, 105, 280, 120
171.729, 121, 81, 184, 208
171.485, 129, 161, 384, 224
171.278, 225, 171, 288, 186
170.79, 193, 161, 320, 224
170.263, 145, 157, 176, 188
169.939, 217, 169, 280, 200
169.928, 153, 151, 216, 166
169.826, 145, 149, 272, 180
169.823, 199, 145, 214, 208
169.604, 241, 113, 304, 176
169.597, 185, 161, 248, 176
169.36, 169, 161, 232, 224
169.357, 177, 121, 240, 184
169.251, 217, 169, 280, 232
169.044, 145, 169, 272, 232
168.793, 193, 177, 320, 208
168.342, 193, 153, 256, 168
168.229, 161, 161, 288, 192
168.04, 305, 137, 368, 200
168.04, 49, 97, 176, 160
167.018, 105, 97, 168, 160
166.774, 209, 105, 272, 136
166.432, 33, 97, 160, 128
166.214, 273, 161, 304, 224
165.898, 129, 165, 192, 180
165.781, 49, 153, 176, 184
165.432, 217, 149, 248, 180
165.297, 209, 145, 272, 176
165.225, 169, 169, 232, 184
164.988, 97, 97, 352, 224
164.984, 241, 81, 272, 208
164.33, 251, 77, 266, 108
164.228, 145, 177, 272, 208
164.086, 237, 137, 268, 200
163.992, 217, 105, 248, 168
163.653, 197, 165, 228, 196
163.289, 261, 161, 292, 224
163.195, 225, 97, 256, 128
163.184, 121, 89, 152, 120
162.842, 97, 153, 160, 216
162.736, 121, 161, 184, 192
162.293, 177, 105, 208, 168
162.078, 193, 177, 256, 208
161.74, 209, 97, 240, 224
161.638, 129, 57, 192, 120
161.518, 97, 105, 352, 168
161.172, 169, 141, 200, 172
161.165, 81, 95, 144, 110
160.962, 177, 65, 192, 128
160.812, 201, 93, 264, 124
160.398, 129, 81, 192, 112
160.372, 177, 141, 240, 172
160.372, 49, 145, 176, 208
160.263, 129, 89, 256, 152
160.18, 273, 105, 336, 168
160.154, 209, 93, 336, 124
160.078, 233, 81, 248, 208
159.717, 265, 97, 328, 224
159.496, 169, 89, 232, 120
159.492, 265, 165, 328, 196
159.281, 233, 177, 296, 192
159.263, 209, 113, 224, 240
158.965, 41, 81, 104, 208
158.604, 177, 65, 240, 128
158.593, 161, 109, 224, 124
158.383, 145, 157, 208, 172
158.052, 301, 101, 332, 132
157.935, 305, 165, 368, 196
157.932, 129, 65, 256, 128
157.71, 1, 105, 256, 168
157.575, 249, 145, 280, 208
157.12, 137, 99, 200, 114
156.826, 313, 137, 376, 168
156.549, 113, 145, 240, 208
156.131, 145, 81, 176, 208
155.556, 241, 149, 368, 180
155.341, 257, 137, 384, 168
155.127, 177, 69, 192, 100
154.665, 241, 149, 304, 164
154.552, 129, 93, 192, 108
154.45, 281, 113, 312, 240
154.443, 209, 113, 224, 176
154.203, 177, 103, 240, 118
154.01, 105, 187, 168, 202
153.992, 97, 101, 224, 132
153.774, 41, 97, 104, 128
153.654, 229, 113, 260, 176
153.53, 145, 93, 208, 124
153.33, 129, 105, 192, 168
153.184, 113, 165, 240, 196
153.01, 113, 185, 144, 216
152.762, 107, 73, 122, 104
152.762, 265, 149, 296, 180
152.628, 257, 173, 288, 204
152.62, 113, 101, 176, 132
152.537, 197, 169, 228, 184
152.289, 253, 153, 284, 184
152.202, 241, 101, 304, 116
151.992, 237, 91, 268, 106
151.988, 257, 193, 320, 208
151.977, 133, 165, 164, 196
151.879, 251, 81, 266, 96
151.871, 253, 97, 284, 224
151.751, 301, 105, 332, 168
151.736, 201, 169, 264, 184
151.533, 73, 81, 136, 112
151.078, 161, 109, 288, 140
150.951, 249, 97, 312, 128
150.744, 281, 129, 344, 160
150.653, 315, 101, 330, 132
150.398, 125, 153, 156, 216
150.293, 193, 153, 224, 184
150.052, 175, 65, 190, 192
149.954, 165, 121, 196, 184
149.83, 243, 81, 258, 208
149.732, 239, 89, 254, 120
149.627, 145, 105, 176, 168
149.511, 249, 187, 312, 202
149.485, 65, 81, 320, 144
149.165, 193, 113, 224, 176
148.943, 107, 75, 122, 90
148.797, 81, 89, 208, 120
148.379, 289, 145, 320, 208
147.939, 145, 161, 208, 224
147.819, 89, 101, 152, 116
147.571, 169, 73, 200, 136
147.39, 97, 145, 160, 176
147.361, 141, 137, 172, 200
147.357, 105, 95, 168, 110
147.139, 249, 73, 264, 136
146.819, 209, 189, 272, 220
146.597, 145, 113, 272, 176
146.582, 193, 121, 208, 184
146.488, 249, 85, 312, 116
146.469, 215, 97, 230, 224
146.364, 333, 137, 364, 200
146.251, 199, 121, 214, 184
146.225, 49, 165, 176, 196
146.135, 241, 105, 272, 168
146.022, 153, 129, 184, 192
145.92, 121, 171, 184, 186
145.909, 293, 169, 308, 232
145.804, 173, 107, 204, 122
145.676, 201, 129, 264, 192
145.142, 129, 77, 256, 108
145.109, 249, 137, 312, 200
144.92, 273, 109, 336, 124
144.909, 217, 153, 248, 216
144.905, 213, 111, 244, 126
144.796, 193, 181, 256, 196
144.695, 221, 105, 236, 168
144.669, 275, 161, 290, 224
144.567, 129, 81, 160, 208
144.56, 169, 141, 232, 156
144.319, 129, 149, 192, 180
144.236, 157, 81, 188, 208
144.221, 185, 81, 216, 208
144.127, 197, 185, 228, 216
144.101, 137, 109, 200, 124
144.079, 195, 81, 210, 208
144.011, 245, 85, 260, 116
143.887, 97, 89, 160, 104
143.883, 161, 163, 224, 178
143.876, 237, 145, 268, 176
143.804, 295, 193, 310, 208
143.672, 177, 165, 208, 196
143.541, 153, 121, 216, 184
142.985, 265, 161, 296, 192
142.981, 153, 105, 216, 136
142.89, 315, 97, 330, 160
142.879, 49, 177, 176, 208
142.567, 333, 169, 364, 200
142.552, 107, 85, 122, 116
142.552, 97, 177, 224, 208
142.53, 213, 105, 244, 136
142.443, 249, 65, 264, 192
142.421, 73, 101, 136, 132
142.214, 201, 197, 232, 228
142.199, 209, 115, 272, 130
142.086, 33, 81, 160, 112
141.748, 281, 145, 344, 208
141.642, 263, 161, 278, 224
141.548, 231, 97, 246, 160
141.515, 109, 93, 140, 124
141.421, 145, 161, 208, 192
141.311, 113, 161, 144, 224
141.188, 225, 155, 288, 170
141.093, 113, 179, 176, 194
141.086, 233, 97, 264, 112
141.064, 187, 81, 202, 208
141.06, 193, 145, 320, 176
140.827, 225, 81, 288, 144
140.751, 173, 93, 204, 124
140.729, 233, 157, 296, 188
140.616, 193, 147, 256, 162
140.526, 201, 187, 264, 202
140.18, 241, 163, 304, 178
140.173, 109, 85, 140, 100
140.173, 217, 129, 248, 192
140.075, 177, 71, 192, 86
139.977, 181, 81, 196, 112
139.882, 293, 193, 308, 224
139.849, 97, 169, 224, 232
139.744, 193, 163, 224, 178
139.496, 153, 137, 216, 168
139.435, 257, 113, 288, 176
139.409, 321, 137, 352, 200
139.391, 281, 161, 296, 224
139.315, 249, 65, 312, 128
139.285, 241, 125, 368, 156
139.198, 253, 103, 284, 118
139.082, 227, 81, 242, 208
139.067, 217, 143, 280, 158
138.965, 251, 145, 266, 208
138.947, 253, 141, 284, 172
138.867, 185, 77, 248, 108
138.612, 169, 121, 184, 184
138.394, 101, 81, 132, 208
138.274, 97, 121, 224, 184
138.187, 117, 101, 148, 116
138.187, 213, 149, 228, 180
138.176, 145, 129, 176, 160
138.161, 233, 133, 296, 164
138.154, 141, 107, 172, 122
138.15, 193, 193, 320, 224
138.048, 157, 97, 188, 160
137.917, 133, 97, 164, 128
137.845, 265, 177, 296, 192
137.845, 295, 113, 310, 240
137.823, 181, 141, 212, 172
137.816, 225, 137, 256, 168
137.816, 193, 185, 320, 248
137.725, 241, 113, 304, 144
137.718, 177, 109, 208, 140
137.699, 201, 99, 264, 114
137.631, 341, 137, 372, 168
137.379, 145, 81, 160, 208
137.281, 225, 151, 256, 166
137.266, 239, 81, 254, 144
137.048, 265, 97, 296, 224
137.045, 125, 85, 140, 116
136.936, 225, 103, 256, 118
136.804, 241, 109, 272, 140
136.492, 301, 105, 332, 120
136.462, 33, 137, 288, 200
136.372, 81, 89, 144, 152
136.277, 317, 103, 332, 118
136.263, 161, 177, 224, 192
136.15, 131, 89, 146, 120
136.139, 251, 93, 266, 124
136.041, 225, 129, 240, 192
135.939, 285, 105, 316, 136
135.921, 225, 81, 352, 112
135.808, 153, 93, 184, 124
135.808, 49, 97, 112, 160
135.786, 97, 107, 160, 122
135.604, 197, 199, 228, 214
135.484, 253, 165, 268, 180
135.266, 221, 165, 252, 180
135.022, 117, 81, 132, 112
134.92, 233, 93, 248, 124
134.913, 197, 149, 228, 164
134.815, 41, 93, 72, 124
134.684, 251, 149, 266, 180
134.357, 239, 137, 254, 200
134.349, 177, 97, 240, 112
134.247, 197, 187, 228, 202
134.244, 187, 97, 202, 160
134.142, 107, 89, 122, 104
134.127, 177, 169, 208, 184
134.109, 97, 85, 128, 116
133.974, 209, 81, 336, 144
133.894, 105, 81, 136, 144
133.815, 221, 173, 236, 204
133.8, 153, 177, 216, 208
133.676, 161, 115, 224, 130
133.582, 209, 201, 224, 232
133.477, 193, 93, 224, 124
133.454, 293, 145, 308, 208
133.451, 117, 81, 148, 208
133.356, 121, 87, 184, 102
133.327, 197, 1, 228, 256
133.255, 185, 91, 248, 106
133.244, 273, 105, 304, 168
133.221, 169, 33, 200, 288
133.112, 169, 89, 184, 120
133.105, 209, 133, 272, 164
133.025, 177, 161, 208, 224
132.789, 157, 97, 172, 224
132.767, 145, 105, 176, 136
132.676, 169, 81, 184, 208
132.571, 353, 137, 368, 168
132.548, 213, 145, 228, 208
132.545, 185, 97, 248, 160
132.45, 351, 129, 366, 192
132.428, 203, 169, 218, 232
132.349, 209, 193, 272, 208
132.323, 185, 175, 248, 190
132.323, 241, 141, 256, 172
132.232, 151, 97, 166, 224
132.229, 129, 69, 192, 100
132.21, 153, 33, 216, 288
132.105, 157, 97, 188, 112
132.007, 249, 105, 264, 168
131.887, 243, 113, 258, 176
131.883, 121, 137, 184, 168
131.876, 33, 109, 160, 140
131.835, 201, 73, 264, 136
131.792, 193, 65, 224, 128
131.77, 227, 97, 242, 128
131.77, 107, 65, 122, 192
131.755, 163, 105, 178, 168
131.661, 97, 121, 160, 184
131.654, 149, 137, 180, 152
131.65, 173, 81, 204, 112
131.65, 217, 161, 248, 192
131.556, 277, 153, 308, 184
131.534, 209, 147, 240, 162
131.534, 257, 153, 272, 184
131.432, 173, 97, 188, 160
131.301, 161, 129, 224, 256
131.188, 97, 157, 160, 188
131.105, 193, 121, 320, 152
130.977, 219, 145, 234, 208
130.883, 125, 177, 156, 208
130.766, 237, 85, 268, 100
130.763, 113, 143, 176, 158
130.748, 169, 145, 200, 160
130.748, 177, 125, 240, 156
130.744, 229, 109, 260, 140
130.665, 241, 177, 272, 192
130.654, 153, 81, 184, 112
130.639, 185, 49, 248, 176
130.556, 347, 169, 362, 200
130.544, 259, 169, 274, 184
130.537, 133, 137, 164, 168
130.53, 119, 169, 134, 232
130.508, 121, 161, 184, 224
130.443, 181, 141, 196, 172
130.428, 201, 117, 264, 148
130.428, 321, 137, 336, 200
130.424, 287, 169, 302, 232
130.304, 153, 155, 184, 170
130.202, 105, 79, 136, 94
130.199, 201, 117, 232, 148
130.199, 129, 97, 160, 160
130.188, 181, 113, 212, 128
130.188, 245, 93, 276, 124
130.097, 185, 97, 200, 128
129.977, 257, 189, 320, 220
129.886, 217, 177, 248, 208
129.868, 243, 159, 258, 174
129.857, 265, 181, 328, 196
129.311, 241, 113, 304, 128
129.199, 105, 91, 136, 106
129.18, 153, 105, 184, 120
129.078, 207, 173, 222, 204
129.064, 269, 161, 284, 224
129.06, 97, 153, 224, 184
128.991, 211, 199, 226, 214
128.747, 203, 117, 218, 148
128.638, 215, 105, 230, 168
128.529, 211, 185, 226, 216
128.507, 131, 153, 146, 216
128.187, 307, 97, 322, 160
128.165, 49, 121, 176, 184
128.158, 237, 163, 268, 178
128.071, 249, 155, 312, 170
127.954, 65, 103, 128, 118
127.867, 281, 205, 312, 220
127.823, 285, 169, 316, 232
127.744, 153, 65, 184, 128
127.733, 243, 113, 258, 144
127.703, 285, 177, 316, 208
127.623, 157, 137, 172, 200
127.62, 231, 153, 246, 184
127.609, 193, 177, 256, 240
127.293, 229, 151, 244, 166
127.245, 193, 1, 256, 256
127.241, 241, 1, 368, 256
127.078, 261, 113, 276, 176
126.965, 257, 65, 288, 128
126.947, 237, 157, 252, 188
126.86, 115, 185, 130, 216
126.834, 41, 101, 104, 116
126.816, 305, 129, 336, 192
126.812, 113, 129, 240, 256
126.714, 113, 113, 240, 144
126.605, 137, 93, 152, 124
126.605, 163, 129, 178, 192
126.594, 257, 81, 272, 208
126.525, 115, 187, 130, 202
126.488, 205, 145, 220, 208
126.485, 257, 185, 384, 216
126.394, 17, 125, 144, 156
126.27, 189, 157, 220, 172
126.048, 259, 169, 274, 200
125.924, 185, 115, 248, 130
125.826, 165, 117, 196, 148
125.797, 129, 33, 256, 288
125.717, 157, 105, 172, 168
125.71, 163, 137, 178, 152
125.688, 249, 89, 312, 152
125.575, 237, 107, 268, 122
125.492, 213, 159, 244, 174
125.39, 57, 57, 120, 120
125.383, 45, 89, 76, 152
125.375, 281, 97, 296, 224
125.27, 293, 129, 324, 160
125.263, 243, 161, 258, 192
125.226, 181, 137, 212, 200
125.165, 169, 149, 184, 180
124.939, 49, 157, 112, 188
124.898, 185, 105, 248, 136
124.702, 173, 99, 204, 114
124.619, 257, 89, 288, 120
124.597, 263, 145, 278, 176
124.556, 193, 145, 320, 272
124.481, 125, 161, 140, 224
124.466, 143, 153, 158, 216
124.262, 153, 183, 216, 198
124.262, 173, 117, 188, 148
124.026, 105, 97, 136, 112
124.026, 33, 169, 288, 232
124, 265, 1, 328, 256
123.917, 209, 145, 272, 272
123.909, 293, 181, 308, 212
123.906, 145, 161, 176, 176
123.8, 153, 117, 216, 148
123.662, 205, 153, 236, 184
123.56, 121, 101, 152, 132
123.495, 313, 149, 376, 164
123.462, 289, 165, 320, 196
123.203, 241, 157, 272, 172
123.124, 153, 113, 184, 128
123.12, 169, 147, 184, 162
123.105, 257, 105, 384, 136
123.018, 73, 97, 104, 160
122.935, 221, 177, 252, 240
122.931, 85, 81, 116, 112
122.909, 197, 181, 228, 196
122.789, 289, 105, 320, 168
122.785, 237, 133, 268, 164
122.782, 97, 101, 128, 132
122.778, 281, 169, 344, 232
122.684, 129, 137, 256, 168
122.684, 117, 97, 148, 160
122.676, 1, 73, 400, 136
122.661, 273, 173, 304, 204
122.589, 217, 181, 248, 196
122.571, 237, 143, 268, 158
122.549, 265, 137, 296, 200
122.458, 237, 117, 268, 132
122.353, 271, 149, 286, 180
122.345, 233, 139, 248, 154
122.297, 177, 1, 304, 256
122.138, 109, 199, 140, 214
122.112, 137, 153, 152, 216
122.011, 145, 105, 160, 168
122.007, 57, 95, 120, 110
121.898, 113, 81, 128, 208
121.898, 293, 97, 324, 224
121.781, 173, 93, 204, 108
121.759, 305, 113, 368, 176
121.702, 217, 199, 280, 214
121.669, 315, 137, 330, 200
121.665, 133, 167, 164, 182
121.661, 117, 93, 132, 124
121.639, 1, 33, 400, 288
121.567, 157, 157, 172, 188
121.56, 301, 113, 332, 144
121.556, 145, 171, 208, 186
121.465, 41, 97, 72, 112
121.462, 199, 109, 214, 124
121.417, 1, 33, 256, 288
121.33, 197, 175, 228, 190
121.232, 265, 165, 328, 180
121.21, 235, 137, 250, 168
121.195, 225, 81, 256, 144
121.12, 163, 153, 178, 184
120.996, 257, 125, 320, 156
120.981, 179, 93, 194, 124
120.898, 267, 97, 282, 224
120.861, 145, 141, 176, 172
120.839, 129, 81, 192, 144
120.661, 253, 165, 268, 196
120.537, 263, 157, 278, 188
120.526, 241, 49, 304, 176
120.458, 293, 207, 308, 222
120.341, 193, 103, 224, 118
120.338, 229, 171, 260, 186
120.319, 225, 149, 240, 180
120.21, 183, 73, 198, 136
120.21, 113, 169, 128, 232
120.181, 225, 49, 352, 176
119.977, 25, 97, 88, 160
119.97, 221, 97, 236, 224
119.883, 281, 193, 312, 208
119.883, 269, 109, 300, 140
119.875, 189, 117, 204, 148
119.861, 197, 109, 228, 124
119.774, 285, 105, 300, 168
119.763, 275, 97, 290, 224
119.752, 65, 89, 128, 104
119.752, 189, 125, 220, 156
119.654, 251, 107, 266, 122
119.631, 169, 111, 184, 126
119.609, 97, 1, 352, 256
119.544, 121, 145, 152, 176
119.537, 219, 105, 234, 136
119.537, 289, 97, 352, 224
119.53, 249, 169, 280, 184
119.53, 143, 97, 158, 128
119.526, 167, 101, 182, 132
119.395, 233, 57, 264, 120
119.334, 129, 1, 192, 128
119.323, 331, 137, 346, 200
119.312, 169, 103, 184, 118
119.308, 133, 109, 164, 140
119.308, 101, 137, 132, 200
119.289, 97, 77, 160, 108
119.199, 179, 113, 194, 176
119.188, 255, 97, 270, 160
119.086, 193, 141, 256, 156
119.079, 257, 171, 320, 186
119.075, 209, 115, 224, 130
118.751, 299, 145, 314, 208
118.748, 149, 101, 164, 132
118.646, 151, 105, 166, 168
118.642, 101, 33, 132, 288
118.53, 309, 137, 324, 200
118.526, 287, 97, 302, 224
118.522, 105, 185, 168, 216
118.432, 309, 133, 340, 164
118.406, 205, 117, 236, 132
118.406, 151, 137, 166, 200
118.308, 345, 129, 360, 192
118.188, 191, 119, 206, 134
118.086, 151, 133, 166, 164
118.078, 193, 133, 320, 164
118.056, 1, 49, 400, 176
117.944, 49, 57, 176, 120
117.853, 169, 87, 200, 102
117.846, 229, 157, 260, 172
117.846, 251, 105, 266, 136
117.722, 157, 105, 188, 136
117.65, 305, 177, 368, 192
117.627, 113, 193, 240, 224
117.522, 301, 97, 316, 160
117.518, 219, 149, 234, 180
117.518, 163, 81, 178, 208
117.5, 73, 177, 136, 208
117.42, 309, 105, 324, 136
117.417, 129, 81, 192, 96
117.387, 1, 97, 128, 160
117.315, 301, 117, 332, 132
117.289, 197, 157, 212, 188
117.195, 249, 183, 280, 198
117.173, 287, 145, 302, 208
117.169, 137, 115, 200, 130
117.169, 167, 73, 182, 136
117.078, 251, 93, 266, 108
117.075, 225, 109, 256, 124
117.071, 181, 141, 212, 156
117.049, 245, 97, 260, 128
116.958, 237, 155, 252, 170
116.823, 209, 93, 272, 108
116.812, 153, 73, 216, 136
116.725, 305, 97, 336, 224
116.631, 217, 173, 232, 188
116.609, 255, 121, 270, 184
116.601, 73, 97, 136, 224
116.533, 61, 81, 92, 208
116.514, 257, 141, 272, 172
116.496, 175, 81, 190, 112
116.398, 113, 113, 176, 144
116.387, 137, 89, 152, 152
116.304, 199, 97, 214, 128
116.289, 237, 117, 252, 148
116.289, 151, 161, 166, 192
116.281, 49, 137, 112, 200
116.263, 145, 145, 208, 160
116.191, 341, 137, 372, 152
116.176, 85, 97, 100, 160
116.158, 209, 137, 240, 168
116.154, 305, 149, 368, 180
116.154, 81, 141, 208, 172
116.154, 73, 137, 136, 200
116.15, 193, 141, 224, 172
115.939, 237, 113, 252, 176
115.856, 209, 213, 224, 228
115.849, 137, 97, 152, 224
115.725, 129, 121, 160, 184
115.627, 299, 105, 314, 136
115.609, 187, 165, 202, 180
115.601, 287, 173, 302, 204
115.597, 273, 187, 336, 202
115.597, 245, 177, 276, 208
115.597, 281, 141, 344, 172
115.503, 261, 159, 292, 174
115.463, 217, 33, 280, 288
115.383, 161, 125, 176, 156
115.365, 281, 1, 312, 256
115.289, 49, 77, 112, 108
115.278, 289, 153, 320, 184
115.191, 49, 81, 80, 208
115.157, 117, 81, 132, 96
115.154, 155, 157, 170, 172
115.146, 133, 101, 164, 116
115.063, 85, 95, 116, 110
115.059, 119, 65, 134, 192
114.954, 313, 137, 376, 152
114.819, 201, 177, 216, 208
114.808, 285, 183, 316, 198
114.808, 281, 185, 344, 216
114.736, 267, 113, 282, 176
114.717, 205, 161, 220, 192
114.714, 301, 129, 316, 160
114.703, 33, 169, 160, 232
114.594, 229, 137, 244, 168
114.568, 249, 107, 312, 122
114.481, 273, 169, 288, 200
114.387, 85, 105, 116, 168
114.364, 129, 111, 160, 126
114.342, 249, 163, 280, 178
114.289, 301, 185, 332, 216
114.27, 69, 101, 100, 132
114.263, 185, 107, 200, 122
114.045, 187, 121, 202, 184
113.954, 145, 189, 208, 204
113.939, 53, 97, 84, 128
113.932, 173, 157, 204, 172
113.924, 121, 91, 152, 106
113.917, 179, 107, 194, 122
113.913, 89, 113, 152, 128
113.834, 185, 1, 248, 128
113.826, 279, 189, 294, 220
113.801, 197, 65, 228, 192
113.721, 179, 81, 194, 96
113.71, 145, 137, 160, 168
113.706, 265, 185, 296, 216
113.702, 213, 125, 244, 156
113.601, 277, 105, 292, 168
113.593, 175, 145, 190, 176
113.593, 291, 105, 306, 168
113.579, 161, 153, 176, 168
113.571, 133, 149, 164, 180
113.47, 113, 125, 240, 156
113.451, 137, 161, 168, 224
113.364, 197, 211, 228, 226
113.364, 231, 125, 246, 156
113.357, 73, 149, 136, 180
113.357, 73, 161, 136, 192
113.309, 169, 1, 232, 300
113.237, 217, 149, 280, 164
113.237, 277, 137, 308, 200
113.229, 257, 153, 272, 216
113.015, 201, 193, 232, 208
112.932, 293, 105, 308, 136
112.917, 113, 115, 176, 130
112.808, 187, 141, 202, 172
112.8, 249, 151, 280, 166
112.706, 285, 107, 316, 122
112.691, 247, 137, 262, 168
112.676, 111, 73, 126, 136
112.523, 65, 1, 320, 300
112.488, 149, 91, 180, 106
112.462, 201, 155, 232, 170
112.447, 161, 139, 192, 154
112.382, 261, 89, 276, 120
112.368, 217, 193, 280, 256
112.36, 333, 167, 364, 182
112.251, 191, 139, 206, 154
112.218, 321, 105, 336, 168
112.138, 125, 87, 140, 102
112.138, 251, 151, 266, 166
112.12, 181, 119, 212, 134
112.105, 173, 153, 204, 184
112.105, 281, 117, 344, 148
112.087, 113, 1, 176, 256
112.022, 143, 169, 158, 200
112.004, 265, 173, 280, 204
112, 249, 169, 280, 232
111.959, 209, 1, 272, 300
111.92, 183, 99, 198, 114
111.917, 105, 155, 168, 170
111.917, 295, 129, 310, 160
111.887, 93, 101, 124, 116
111.887, 207, 161, 222, 288
111.808, 131, 97, 146, 224
111.793, 273, 125, 304, 156
111.684, 305, 161, 336, 192
111.669, 177, 135, 240, 150
111.665, 225, 183, 288, 198
111.665, 129, 17, 256, 144
111.586, 265, 121, 328, 136
111.582, 91, 105, 106, 168
111.564, 155, 105, 170, 136
111.477, 261, 65, 276, 128
111.473, 325, 89, 356, 152
111.466, 267, 173, 282, 188
111.447, 165, 133, 196, 148
111.338, 89, 175, 152, 190
111.334, 189, 161, 204, 192
111.331, 233, 169, 264, 200
111.32, 33, 33, 160, 288
111.32, 81, 33, 208, 288
111.233, 133, 103, 148, 118
111.229, 157, 149, 188, 164
111.229, 125, 97, 140, 128
111.116, 159, 109, 174, 124
111.098, 245, 81, 276, 112
110.978, 185, 129, 216, 256
110.898, 273, 183, 304, 198
110.778, 215, 111, 230, 126
110.676, 201, 123, 216, 138
110.658, 81, 33, 144, 288
110.56, 109, 157, 140, 188
110.462, 321, 165, 352, 196
110.41, 241, 33, 272, 288
110.236, 45, 93, 60, 124
110.232, 173, 151, 204, 166
110.221, 133, 93, 148, 108
110.123, 277, 199, 308, 214
110.105, 145, 139, 208, 154
109.981, 317, 113, 348, 176
109.89, 281, 157, 344, 172
109.876, 225, 125, 256, 156
109.763, 97, 57, 352, 120
109.744, 157, 137, 188, 168
109.672, 173, 145, 204, 272
109.669, 1, 1, 400, 128
109.635, 245, 137, 260, 200
109.548, 217, 121, 280, 136
109.541, 177, 121, 208, 152
109.534, 173, 81, 204, 96
109.45, 133, 177, 148, 208
109.439, 217, 139, 248, 154
109.436, 201, 191, 216, 206
109.417, 255, 73, 270, 136
109.319, 193, 119, 224, 134
109.319, 223, 133, 238, 164
109.308, 297, 185, 360, 200
109.301, 169, 113, 200, 128
109.21, 263, 137, 278, 200
109.116, 345, 137, 360, 168
109.108, 127, 181, 142, 212
109.105, 273, 151, 304, 166
109.09, 107, 101, 122, 132
109.075, 213, 169, 228, 200
108.988, 81, 105, 112, 136
108.985, 139, 97, 154, 112
108.955, 209, 145, 240, 272
108.766, 277, 153, 292, 184
108.763, 257, 113, 288, 144
108.752, 145, 147, 176, 162
108.744, 249, 113, 264, 240
108.665, 225, 57, 352, 120
108.654, 105, 175, 136, 190
108.65, 219, 169, 234, 232
108.635, 261, 171, 292, 186
108.624, 231, 129, 246, 192
108.559, 325, 109, 340, 140
108.545, 157, 163, 188, 178
108.545, 241, 133, 304, 148
108.519, 257, 177, 384, 240
108.428, 209, 113, 224, 144
108.428, 191, 129, 206, 160
108.369, 241, 1, 304, 300
108.334, 313, 81, 328, 208
108.312, 201, 205, 232, 220
108.18, 109, 173, 140, 204
108.173, 221, 33, 252, 288
108.09, 203, 189, 218, 220
107.995, 55, 97, 70, 128
107.977, 283, 157, 298, 188
107.868, 149, 103, 164, 118
107.864, 209, 187, 224, 202
107.864, 121, 113, 152, 144
107.77, 133, 151, 164, 166
107.744, 301, 169, 332, 232
107.642, 349, 169, 364, 184
107.544, 355, 137, 370, 152
107.541, 127, 101, 142, 116
107.507, 265, 199, 328, 214
107.482, 129, 1, 256, 300
107.417, 301, 97, 316, 224
107.409, 165, 113, 180, 144
107.402, 181, 81, 212, 144
107.297, 109, 109, 140, 140
107.282, 237, 161, 268, 224
107.191, 239, 143, 254, 158
107.188, 79, 97, 94, 160
107.184, 157, 141, 172, 156
107.184, 307, 129, 322, 160
107.09, 55, 89, 70, 152
107.067, 121, 125, 184, 156
107.053, 221, 145, 252, 160
106.98, 73, 81, 104, 208
106.977, 235, 107, 250, 122
106.962, 139, 121, 154, 184
106.853, 97, 1, 352, 128
106.759, 273, 111, 304, 126
106.748, 285, 109, 300, 140
106.744, 65, 101, 96, 116
106.707, 105, 73, 168, 136
106.533, 199, 151, 214, 166
106.529, 275, 109, 290, 140
106.515, 143, 165, 158, 180
106.515, 297, 165, 312, 196
106.42, 193, 17, 224, 144
106.394, 17, 137, 144, 168
106.289, 187, 113, 202, 128
106.289, 145, 129, 160, 192
106.285, 117, 137, 132, 200
106.18, 287, 187, 302, 202
106.173, 289, 161, 304, 192
106.169, 149, 117, 180, 148
106.086, 113, 201, 128, 216
106.064, 65, 97, 80, 160
106.052, 85, 93, 116, 124
105.966, 261, 191, 292, 206
105.947, 257, 141, 320, 172
105.943, 101, 97, 116, 128
105.936, 121, 73, 152, 104
105.932, 305, 1, 368, 256
105.929, 241, 145, 304, 272
105.758, 333, 181, 364, 196
105.747, 313, 133, 328, 164
105.74, 179, 117, 194, 148
105.714, 239, 101, 254, 132
105.635, 319, 133, 334, 164
105.616, 197, 137, 212, 168
105.605, 113, 137, 144, 200
105.507, 315, 113, 330, 144
105.391, 117, 81, 132, 144
105.391, 73, 161, 136, 224
105.387, 189, 153, 204, 216
105.289, 261, 157, 276, 172
105.278, 101, 81, 116, 208
105.27, 219, 161, 234, 192
105.263, 81, 83, 144, 98
105.184, 97, 105, 112, 168
105.176, 295, 181, 310, 196
105.165, 105, 109, 136, 124
105.165, 257, 101, 272, 132
105.161, 149, 161, 164, 176
105.15, 175, 143, 190, 158
105.038, 1, 169, 400, 232
105.026, 133, 33, 164, 288
104.928, 1, 57, 256, 120
104.834, 325, 137, 356, 168
104.764, 193, 1, 320, 300
104.74, 45, 95, 60, 110
104.721, 223, 103, 238, 118
104.714, 109, 81, 124, 96
104.71, 89, 81, 120, 208
104.692, 197, 109, 212, 140
104.605, 131, 169, 146, 184
104.511, 97, 81, 112, 112
104.496, 269, 113, 284, 144
104.496, 337, 137, 352, 200
104.492, 113, 173, 128, 204
104.376, 205, 141, 236, 156
104.368, 253, 89, 284, 152
104.281, 269, 165, 300, 180
104.263, 1, 129, 128, 192
104.252, 159, 141, 174, 172
104.143, 225, 115, 256, 130
104.03, 209, 77, 272, 108
104.03, 281, 137, 296, 200
104.015, 1, 145, 256, 272
103.91, 165, 137, 180, 168
103.834, 113, 177, 240, 300
103.808, 173, 69, 204, 100
103.74, 53, 81, 68, 208
103.714, 149, 169, 180, 184
103.703, 171, 117, 186, 132
103.703, 89, 117, 152, 148
103.612, 267, 161, 282, 176
103.572, 305, 89, 368, 152
103.514, 185, 85, 248, 100
103.488, 121, 137, 184, 152
103.375, 45, 89, 60, 152
103.277, 85, 57, 116, 120
103.266, 147, 113, 162, 144
103.263, 241, 117, 256, 132
103.263, 113, 193, 240, 256
103.259, 297, 183, 328, 198
103.165, 65, 181, 128, 196
103.157, 161, 121, 224, 136
103.146, 223, 147, 238, 162
103.045, 53, 137, 84, 200
103.033, 209, 175, 240, 190
103.022, 249, 109, 280, 124
103, 241, 33, 304, 288
102.95, 257, 95, 320, 110
102.902, 273, 185, 304, 248
102.899, 81, 77, 208, 108
102.71, 181, 89, 196, 104
102.608, 321, 109, 352, 140
102.59, 77, 105, 108, 120
102.568, 169, 139, 184, 154
102.492, 53, 161, 84, 192
102.484, 293, 157, 324, 172
102.462, 209, 65, 224, 192
102.455, 101, 161, 132, 224
102.433, 33, 1, 160, 300
102.372, 57, 125, 120, 156
102.244, 131, 89, 146, 152
102.153, 257, 103, 272, 118
102.142, 277, 177, 292, 192
102.135, 105, 199, 168, 214
102.041, 81, 81, 96, 208
102.033, 109, 187, 140, 202
102.019, 57, 97, 88, 160
101.996, 209, 33, 240, 288
101.887, 163, 143, 178, 158
101.83, 63, 81, 78, 208
101.823, 163, 85, 178, 116
101.823, 313, 109, 376, 140
101.789, 237, 79, 268, 94
101.778, 249, 185, 312, 248
101.778, 273, 81, 400, 208
101.702, 147, 149, 162, 164
101.702, 327, 89, 342, 152
101.556, 109, 69, 140, 100
101.477, 257, 115, 288, 130
101.466, 105, 149, 168, 164
101.44, 173, 101, 188, 132
101.436, 97, 73, 128, 104
101.36, 149, 17, 180, 144
101.357, 261, 149, 292, 164
101.353, 103, 99, 118, 114
101.353, 103, 89, 118, 152
101.335, 133, 81, 164, 112
101.316, 81, 1, 144, 300
101.27, 69, 81, 84, 208
101.255, 297, 191, 360, 206
101.24, 169, 119, 200, 134
101.233, 139, 107, 154, 122
101.233, 233, 91, 296, 106
101.233, 289, 125, 304, 156
101.116, 305, 161, 368, 224
101.011, 231, 109, 246, 140
101.007, 301, 173, 332, 204
100.996, 1, 157, 128, 188
100.913, 85, 151, 116, 166
100.902, 249, 129, 280, 160
100.872, 129, 145, 384, 272
100.691, 81, 125, 112, 156
100.68, 213, 125, 228, 156
100.676, 131, 101, 146, 132
100.628, 105, 1, 168, 300
100.567, 125, 97, 140, 160
100.549, 209, 87, 272, 102
100.458, 305, 167, 368, 182
100.451, 153, 119, 184, 134
100.432, 189, 161, 220, 224
100.338, 289, 181, 304, 196
100.338, 345, 153, 360, 216
100.323, 305, 121, 368, 152
100.312, 129, 73, 160, 136
100.247, 313, 125, 376, 140
100.229, 213, 153, 244, 168
100.222, 251, 49, 266, 112
100.105, 97, 129, 160, 160
100.011, 97, 147, 128, 162
99.9923, 169, 75, 200, 90
99.9886, 153, 153, 184, 216
99.9591, 129, 1, 192, 300
99.9017, 69, 97, 84, 128
99.8906, 149, 115, 164, 130
99.8796, 129, 49, 384, 176
99.7816, 305, 157, 320, 188
99.7742, 253, 49, 284, 176
99.7631, 191, 129, 206, 256
99.6762, 137, 141, 152, 172
99.6614, 109, 137, 124, 200
99.654, 121, 171, 152, 186
99.5523, 241, 129, 256, 160
99.5486, 119, 173, 134, 188
99.458, 325, 133, 340, 164
99.4469, 277, 125, 292, 156
99.3452, 315, 117, 330, 132
99.3452, 83, 101, 98, 132
99.3379, 89, 81, 104, 208
99.3268, 185, 151, 216, 166
99.3231, 233, 121, 248, 136
99.2398, 249, 133, 280, 148
99.2251, 95, 105, 110, 136
99.2066, 197, 121, 212, 152
99.1992, 65, 129, 192, 160
99.1197, 207, 181, 222, 196
99.0496, 81, 1, 208, 300
99.0254, 173, 175, 204, 190
98.9885, 305, 161, 368, 176
98.9885, 271, 181, 286, 212
98.9811, 149, 127, 180, 142
98.9774, 1, 145, 400, 272
98.97, 117, 73, 148, 136
98.8868, 295, 153, 310, 184
98.7814, 117, 193, 148, 208
98.774, 93, 149, 124, 180
98.7445, 301, 33, 332, 288
98.6723, 121, 99, 136, 114
98.6575, 113, 105, 128, 136
98.6538, 283, 125, 298, 156
98.5632, 299, 107, 314, 122
98.5448, 289, 117, 320, 148
98.53, 249, 159, 264, 174
98.4541, 75, 81, 90, 208
98.432, 119, 113, 134, 240
98.236, 89, 177, 120, 208
98.2323, 25, 125, 56, 156
98.2323, 199, 73, 214, 136
98.2028, 179, 113, 194, 128
98.2028, 199, 137, 214, 152
98.1121, 97, 95, 112, 110
98.1011, 41, 105, 72, 136
98.1011, 125, 81, 140, 208
98.0974, 201, 185, 216, 200
98.0937, 137, 105, 152, 136
98.0789, 137, 129, 200, 256
97.9883, 263, 113, 278, 144
97.9846, 95, 81, 110, 208
97.9735, 185, 121, 248, 136
97.9514, 153, 93, 216, 108
97.8903, 65, 1, 128, 128
97.8829, 281, 143, 344, 158
97.8718, 321, 121, 352, 152
97.7701, 205, 173, 220, 188
97.7591, 133, 95, 164, 110
97.7554, 219, 145, 234, 272
97.748, 143, 149, 158, 180
97.748, 71, 97, 86, 160
97.6574, 97, 105, 128, 168
97.6168, 233, 73, 248, 136
97.5409, 313, 161, 328, 192
97.4207, 261, 125, 292, 156
97.4134, 281, 141, 312, 172
97.4097, 279, 173, 294, 204
97.3301, 331, 165, 346, 196
97.3264, 281, 171, 344, 186
97.3154, 131, 149, 146, 180
97.3117, 137, 165, 152, 196
97.3043, 349, 157, 364, 188
97.2969, 269, 137, 284, 200
97.21, 133, 181, 164, 196
97.1952, 163, 115, 178, 130
97.1952, 213, 105, 244, 120
97.0935, 109, 145, 140, 176
97.0861, 193, 139, 224, 154
97.0861, 303, 169, 318, 200
97.0824, 49, 109, 112, 140
97.0787, 237, 121, 268, 152
97.064, 157, 147, 172, 162
96.9992, 145, 189, 208, 220
96.9733, 245, 147, 260, 162
96.9586, 157, 33, 188, 288
96.9475, 189, 113, 220, 144
96.8753, 93, 177, 124, 192
96.8716, 121, 109, 136, 140
96.8495, 195, 177, 210, 240
96.7663, 41, 111, 104, 126
96.7589, 63, 97, 78, 128
96.7478, 241, 87, 256, 102
96.7478, 175, 135, 190, 150
96.7404, 141, 113, 172, 128
96.6646, 121, 75, 184, 90
96.6535, 145, 185, 208, 248
96.6498, 53, 161, 68, 192
96.6461, 169, 127, 200, 142
96.624, 207, 145, 222, 176
96.5223, 307, 97, 322, 224
96.5038, 105, 81, 168, 96
96.4095, 177, 135, 208, 150
96.4095, 123, 169, 138, 200
96.3947, 299, 169, 314, 232
96.3226, 89, 161, 152, 176
96.3078, 49, 1, 176, 128
96.3041, 249, 87, 264, 102
96.3041, 133, 113, 148, 176
96.282, 221, 121, 252, 136
96.1987, 211, 149, 226, 164
96.195, 141, 175, 172, 190
96.0601, 123, 73, 138, 136
96.0601, 329, 161, 360, 224
96.049, 181, 33, 212, 288
95.9769, 305, 159, 336, 174
95.9289, 233, 73, 264, 104
95.8641, 303, 121, 318, 184
95.8604, 109, 175, 124, 190
95.8382, 237, 129, 268, 256
95.8345, 149, 149, 164, 180
95.7402, 197, 167, 212, 182
95.7218, 137, 177, 200, 192
95.5295, 125, 149, 140, 180
95.511, 257, 101, 288, 132
95.4962, 233, 153, 248, 216
95.4925, 121, 165, 152, 196
95.4889, 201, 105, 232, 136
95.2928, 303, 183, 318, 198
95.2892, 25, 121, 88, 184
95.2707, 191, 105, 206, 136
95.1838, 69, 129, 100, 192
95.1801, 229, 99, 244, 114
95.1764, 235, 93, 250, 108
95.1616, 171, 129, 186, 160
95.1616, 299, 181, 314, 212
95.1616, 243, 57, 258, 120
95.071, 251, 117, 266, 148
95.0599, 249, 145, 280, 160
95.0599, 89, 161, 120, 224
95.0488, 273, 103, 336, 118
95.0488, 275, 137, 290, 200
94.9656, 297, 121, 312, 184
94.9435, 123, 73, 138, 104
94.9287, 261, 1, 292, 256
94.8602, 49, 171, 112, 186
94.8418, 37, 113, 68, 176
94.7401, 75, 101, 90, 132
94.7364, 257, 113, 272, 144
94.7364, 1, 57, 128, 120
94.7253, 269, 137, 300, 168
94.7216, 293, 141, 324, 172
94.7068, 129, 151, 192, 166
94.7031, 97, 193, 160, 208
94.6273, 185, 127, 248, 142
94.5145, 225, 201, 288, 232
94.4924, 189, 159, 204, 174
94.4924, 221, 97, 252, 112
94.3944, 201, 179, 216, 194
94.3944, 309, 145, 340, 176
94.3907, 261, 145, 292, 272
94.387, 221, 145, 252, 272
94.3833, 305, 177, 368, 208
94.3833, 123, 137, 138, 200
94.2853, 53, 99, 84, 114
94.2816, 169, 197, 232, 228
94.2779, 101, 109, 116, 140
94.1836, 65, 137, 128, 152
94.1725, 317, 125, 348, 140
94.1541, 109, 49, 140, 112
94.0708, 115, 95, 130, 110
94.0671, 241, 103, 256, 118
94.0597, 229, 113, 244, 128
94.056, 89, 129, 120, 192
93.9617, 321, 135, 352, 150
93.8268, 289, 141, 304, 172
93.812, 165, 145, 196, 208
93.7325, 75, 129, 90, 192
93.7251, 199, 33, 214, 160
93.7251, 37, 81, 68, 208
93.714, 113, 107, 128, 122
93.714, 191, 129, 206, 144
93.5902, 173, 163, 204, 178
93.5717, 213, 89, 244, 120
93.3868, 273, 115, 336, 130
93.3831, 89, 105, 104, 136
93.3794, 177, 97, 192, 112
93.3757, 87, 137, 102, 200
93.372, 105, 161, 120, 224
93.361, 229, 33, 260, 160
93.2962, 153, 177, 216, 300
93.274, 55, 137, 70, 200
93.1686, 187, 151, 202, 166
93.1465, 121, 85, 152, 100
93.1428, 193, 173, 208, 204
93.1391, 105, 65, 120, 128
93.1317, 129, 173, 192, 204
93.128, 81, 65, 144, 128
93.0411, 117, 113, 148, 128
92.9394, 211, 193, 226, 208
92.9246, 169, 133, 184, 148
92.834, 293, 143, 324, 158
92.8082, 225, 121, 240, 136
92.8082, 183, 139, 198, 154
92.7102, 221, 113, 236, 128
92.7065, 221, 141, 236, 156
92.6011, 233, 123, 264, 138
92.6011, 119, 153, 134, 184
92.5974, 197, 125, 228, 140
92.5789, 337, 149, 368, 180
92.4883, 125, 49, 156, 112
92.4809, 241, 85, 304, 100
92.4625, 117, 107, 148, 122
92.3682, 303, 117, 318, 148
92.3682, 259, 181, 274, 212
92.3645, 105, 129, 136, 160
92.3313, 145, 1, 176, 256
92.2702, 335, 133, 350, 164
92.15, 159, 123, 174, 138
92.1315, 277, 201, 308, 232
92.0557, 347, 183, 362, 198
92.0483, 303, 201, 318, 216
92.0372, 319, 161, 334, 192
92.0225, 65, 137, 128, 168
91.9134, 201, 135, 264, 150
91.9134, 329, 1, 360, 256
91.8912, 313, 89, 344, 152
91.7969, 125, 177, 156, 240
91.7932, 193, 89, 224, 152
91.6989, 175, 91, 190, 106
91.6989, 295, 141, 310, 172
91.6915, 283, 181, 298, 196
91.5935, 97, 129, 112, 192
91.5898, 89, 107, 120, 122
91.5788, 323, 121, 338, 152
91.5788, 193, 205, 320, 236
91.466, 241, 119, 304, 134
91.4623, 157, 161, 188, 192
91.368, 307, 105, 322, 120
91.3643, 285, 189, 300, 220
91.2663, 121, 185, 136, 216
91.2515, 245, 97, 260, 112
91.2515, 177, 57, 304, 120
91.2478, 197, 143, 212, 158
91.1424, 39, 105, 54, 168
91.0149, 137, 81, 152, 112
90.9353, 1, 181, 128, 212
90.8189, 281, 121, 312, 136
90.8041, 129, 117, 160, 132
90.782, 113, 129, 176, 256
90.6877, 337, 157, 368, 172
90.684, 225, 129, 256, 144
90.6803, 97, 161, 128, 192
90.6655, 213, 81, 244, 144
90.5712, 205, 139, 220, 154
90.538, 209, 33, 272, 160
90.4621, 333, 97, 364, 224
90.451, 337, 113, 368, 176
90.4474, 217, 49, 248, 176
90.353, 273, 133, 336, 148
90.3493, 153, 133, 216, 148
90.3493, 169, 201, 232, 216
90.3493, 105, 49, 168, 112
90.3235, 161, 33, 224, 160
90.146, 225, 205, 288, 220
90.1423, 97, 57, 112, 120
90.1017, 145, 99, 176, 114
90.0184, 271, 125, 286, 156
90.0184, 105, 177, 120, 208
89.9963, 199, 115, 214, 130
89.9963, 345, 137, 376, 200
89.9278, 305, 185, 320, 216
89.9167, 141, 153, 156, 168
89.9019, 197, 159, 212, 174
89.8872, 113, 33, 144, 288
89.8798, 193, 113, 208, 128
89.7929, 203, 129, 218, 160
89.7818, 131, 165, 146, 196
89.7781, 247, 113, 262, 128
89.7781, 93, 81, 124, 144
89.7744, 117, 69, 132, 100
89.767, 141, 81, 172, 144
89.6986, 305, 189, 336, 204
89.6912, 341, 169, 356, 200
89.6838, 269, 137, 300, 152
89.6764, 253, 177, 268, 208
89.5636, 145, 97, 160, 112
89.5636, 81, 199, 144, 214
89.5563, 281, 141, 296, 172
89.5489, 297, 81, 328, 144
89.4546, 197, 129, 212, 144
89.4472, 125, 171, 140, 186
89.4472, 237, 151, 268, 166
89.4361, 225, 91, 256, 106
89.4287, 177, 81, 304, 112
89.3565, 275, 149, 290, 164
89.3344, 313, 81, 376, 208
89.3307, 131, 77, 146, 108
89.2438, 97, 81, 112, 96
89.229, 169, 211, 232, 226
89.2253, 161, 127, 224, 142
89.1199, 137, 167, 152, 182
89.1162, 351, 159, 366, 174
89.1125, 265, 185, 280, 216
89.1125, 221, 57, 252, 120
89.0756, 265, 1, 328, 300
88.9961, 193, 97, 208, 160
88.9961, 121, 129, 152, 256
88.9924, 111, 49, 126, 112
88.8981, 65, 99, 80, 114
88.8944, 295, 117, 310, 148
88.8833, 215, 143, 230, 158
88.7927, 261, 89, 276, 104
88.6615, 81, 149, 144, 164
88.5745, 53, 161, 68, 176
88.5487, 155, 103, 170, 118
88.5487, 249, 205, 312, 220
88.447, 225, 121, 240, 152
88.3342, 317, 125, 332, 140
88.2214, 107, 121, 122, 152
88.2178, 169, 191, 232, 206
88.2178, 43, 81, 58, 208
88.2141, 201, 209, 264, 224
88.2067, 241, 33, 256, 160
88.1919, 97, 85, 128, 100
88.1234, 263, 189, 278, 204
88.105, 307, 141, 322, 172
88.0865, 177, 17, 304, 144
88.0791, 1, 33, 256, 160
88.0033, 271, 179, 286, 194
87.9922, 247, 173, 262, 204
87.9922, 319, 97, 334, 224
87.9811, 309, 117, 324, 148
87.9811, 213, 137, 228, 168
87.8979, 217, 159, 232, 174
87.8979, 103, 193, 118, 208
87.8942, 65, 157, 96, 188
87.8831, 17, 69, 144, 100
87.8757, 73, 113, 136, 176
87.7777, 57, 153, 120, 168
87.7519, 273, 129, 400, 256
87.7445, 241, 109, 256, 124
87.6428, 137, 153, 152, 184
87.6391, 97, 169, 160, 184
87.567, 337, 149, 368, 164
87.5522, 109, 145, 140, 160
87.5374, 229, 137, 260, 152
87.4505, 297, 177, 360, 300
87.4468, 121, 157, 152, 172
87.4468, 27, 125, 42, 156
87.4394, 313, 155, 376, 170
87.4284, 25, 105, 56, 168
87.4173, 149, 161, 164, 224
87.2971, 197, 161, 228, 288
87.1917, 223, 81, 238, 144
87.1048, 81, 153, 112, 184
87.1011, 203, 197, 218, 212
87.0531, 1, 1, 400, 300
86.9736, 113, 185, 144, 248
86.8866, 281, 169, 312, 184
86.8829, 111, 149, 126, 180
86.8756, 101, 149, 116, 180
86.8719, 65, 109, 128, 124
86.8682, 219, 49, 234, 176
86.8571, 205, 147, 220, 162
86.8497, 117, 79, 148, 94
86.7739, 17, 129, 80, 160
86.7517, 225, 161, 240, 224
86.65, 17, 97, 80, 128
86.6463, 125, 125, 156, 156
86.639, 261, 185, 292, 248
86.552, 279, 111, 294, 126
86.5446, 281, 141, 312, 156
86.5409, 49, 113, 64, 176
86.5225, 201, 201, 264, 232
86.4466, 165, 97, 180, 112
86.3154, 121, 111, 136, 126
86.308, 219, 117, 234, 148
86.2211, 41, 109, 72, 124
86.1805, 143, 81, 158, 144
86.0825, 85, 137, 116, 168
85.9882, 295, 155, 310, 170
85.9734, 301, 141, 316, 172
85.9697, 145, 109, 160, 124
85.9402, 65, 145, 192, 272
85.8791, 271, 113, 286, 128
85.8754, 175, 159, 190, 174
85.8717, 209, 49, 272, 112
85.8606, 129, 185, 384, 248
85.8569, 145, 87, 208, 102
85.8495, 145, 169, 176, 200
85.7626, 261, 115, 276, 130
85.7405, 241, 143, 304, 158
85.7294, 211, 169, 226, 184
85.6609, 249, 1, 312, 128
85.6535, 193, 177, 208, 300
85.6498, 53, 159, 84, 174
85.5371, 139, 117, 154, 132
85.5186, 241, 161, 256, 224
85.4317, 353, 151, 368, 166
85.4243, 125, 187, 156, 202
85.4132, 81, 129, 96, 192
85.3911, 313, 1, 344, 256
85.3189, 287, 109, 302, 124
85.2894, 273, 73, 336, 136
85.282, 221, 93, 236, 124
85.2061, 89, 137, 120, 152
85.2061, 305, 177, 320, 300
85.2025, 93, 125, 108, 156
85.1914, 1, 49, 400, 112
85.1766, 327, 113, 342, 176
85.1692, 273, 93, 336, 124
85.0823, 259, 129, 274, 160
85.0786, 297, 131, 328, 146
85.0712, 183, 129, 198, 144
84.9732, 205, 133, 236, 148
84.9658, 137, 127, 200, 142
84.9548, 209, 81, 272, 96
84.8715, 183, 165, 198, 196
84.8604, 81, 103, 96, 118
84.8494, 297, 105, 360, 120
84.842, 305, 169, 320, 232
84.8272, 49, 1, 112, 256
84.7587, 325, 123, 340, 138
84.7551, 185, 145, 200, 272
84.7514, 105, 147, 120, 162
84.7514, 289, 153, 304, 168
84.744, 61, 137, 76, 200
84.7255, 199, 97, 214, 160
84.6164, 197, 173, 212, 188
84.5295, 27, 125, 42, 140
84.5147, 65, 115, 128, 130
84.4204, 17, 177, 144, 300
84.3946, 265, 185, 280, 248
84.1838, 129, 1, 160, 128
84.1654, 167, 33, 182, 160
84.0637, 113, 129, 128, 160
84.0378, 97, 57, 128, 120
83.973, 301, 201, 332, 216
83.962, 103, 129, 118, 192
83.9583, 93, 121, 124, 152
83.9435, 153, 109, 168, 124
83.8455, 25, 123, 88, 138
83.8381, 177, 119, 192, 134
83.7216, 157, 115, 172, 130
83.7216, 255, 177, 270, 240
83.6236, 121, 41, 136, 104
83.5941, 17, 129, 144, 256
83.5219, 305, 189, 368, 220
83.5035, 231, 131, 246, 146
83.5035, 227, 137, 242, 152
83.4924, 249, 81, 280, 96
83.4887, 179, 105, 194, 136
83.4813, 277, 65, 308, 192
83.4166, 221, 187, 252, 202
83.4092, 273, 163, 288, 178
83.3833, 193, 153, 208, 168
83.3833, 281, 185, 296, 248
83.3723, 235, 149, 250, 164
83.3723, 277, 177, 308, 192
83.289, 89, 105, 104, 120
83.2632, 81, 189, 144, 220
83.1763, 25, 125, 56, 140
83.1578, 145, 85, 160, 116
83.1541, 123, 179, 138, 194
83.0598, 43, 105, 58, 136
83.0561, 101, 121, 116, 152
83.045, 355, 149, 370, 180
82.8416, 55, 97, 70, 112
82.8306, 275, 137, 290, 168
82.8232, 305, 111, 336, 126
82.8195, 321, 149, 352, 180
82.8195, 265, 49, 328, 176
82.7362, 221, 207, 236, 222
82.7289, 131, 115, 146, 130
82.7215, 237, 129, 268, 144
82.6198, 281, 151, 296, 166
82.6198, 203, 167, 218, 182
82.6124, 133, 49, 148, 112
82.605, 217, 105, 232, 120
82.605, 265, 133, 280, 164
82.5902, 233, 81, 248, 112
82.4996, 237, 129, 252, 144
82.4922, 109, 161, 124, 192
82.4775, 289, 177, 320, 192
82.4775, 239, 77, 254, 108
82.3721, 191, 33, 206, 160
82.2888, 301, 177, 332, 300
82.2815, 111, 145, 126, 160
82.2741, 69, 137, 84, 200
82.2556, 73, 49, 136, 176
82.1724, 307, 157, 322, 172
82.1576, 139, 117, 154, 148
82.1539, 199, 177, 214, 300
82.1465, 1, 169, 128, 200
82.1392, 329, 137, 392, 200
82.0596, 345, 137, 360, 152
81.9468, 327, 111, 342, 126
81.9468, 273, 137, 288, 152
81.9395, 105, 129, 168, 144
81.9358, 127, 113, 142, 144
81.9247, 285, 93, 316, 124
81.8341, 99, 149, 114, 164
81.7935, 233, 189, 296, 220
81.6159, 65, 193, 128, 208
81.6085, 49, 159, 112, 174
81.5753, 357, 137, 372, 200
81.5753, 107, 113, 122, 240
81.481, 289, 193, 304, 256
81.4736, 289, 193, 320, 224
81.4588, 169, 145, 184, 208
81.3682, 317, 159, 348, 174
81.2739, 305, 147, 336, 162
81.2481, 25, 109, 88, 140
81.2444, 113, 75, 128, 90
81.2444, 181, 129, 212, 144
81.1501, 161, 145, 192, 272
81.1464, 149, 125, 164, 140
81.1427, 107, 105, 122, 120
81.1168, 133, 157, 164, 172
81.0484, 43, 109, 58, 124
81.0225, 243, 129, 258, 256
81.0078, 181, 33, 212, 160
80.993, 185, 145, 248, 272
80.9356, 293, 107, 308, 122
80.9282, 55, 149, 70, 180
80.9245, 343, 157, 358, 188
80.9134, 109, 99, 124, 114
80.9134, 109, 169, 140, 184
80.9134, 193, 201, 256, 216
80.9134, 321, 149, 336, 180
80.9134, 315, 73, 330, 136
80.8987, 273, 89, 400, 152
80.8802, 257, 1, 384, 300
80.8154, 325, 165, 340, 196
80.6879, 117, 179, 148, 194
80.5714, 97, 145, 128, 272
80.5493, 57, 1, 120, 300
80.4771, 213, 127, 244, 142
80.4734, 227, 57, 242, 120
80.4697, 273, 205, 336, 220
80.4697, 237, 49, 252, 112
80.3754, 335, 135, 350, 150
80.3717, 161, 65, 176, 128
80.368, 65, 133, 96, 164
80.357, 183, 153, 198, 216
80.3496, 141, 119, 172, 134
80.3496, 101, 137, 116, 168
80.2626, 151, 177, 166, 192
80.2626, 269, 193, 284, 208
80.2553, 281, 65, 312, 128
80.2331, 227, 85, 242, 116
80.1536, 45, 123, 76, 138
80.1536, 225, 1, 352, 128
80.1499, 221, 57, 236, 120
80.1462, 89, 153, 104, 184
80.1277, 345, 163, 360, 178
80.0445, 303, 145, 318, 160
80.0408, 49, 125, 112, 140
80.0371, 263, 147, 278, 162
80.026, 17, 97, 80, 112
80.026, 273, 197, 400, 228
80.015, 191, 171, 206, 186
79.928, 297, 193, 360, 256
79.9133, 157, 129, 172, 144
79.8189, 223, 163, 238, 178
79.8152, 213, 77, 244, 108
79.8079, 65, 57, 96, 120
79.6914, 155, 117, 170, 148
79.684, 261, 89, 276, 152
79.5897, 181, 155, 196, 170
79.5639, 73, 145, 136, 272
79.5565, 89, 79, 120, 94
79.4843, 37, 125, 52, 156
79.4806, 49, 175, 80, 190
79.4622, 107, 133, 122, 164
79.4622, 81, 65, 208, 96
79.4548, 305, 125, 336, 140
79.3605, 269, 149, 284, 164
79.3531, 179, 1, 194, 128
79.3494, 209, 129, 272, 144
79.2625, 81, 1, 112, 128
79.2514, 141, 57, 172, 120
79.2292, 177, 41, 192, 104
79.1202, 113, 185, 176, 248
79.1165, 225, 109, 240, 140
79.0406, 209, 57, 240, 120
79.0258, 301, 157, 316, 172
78.9131, 295, 143, 310, 158
78.8872, 281, 197, 344, 228
78.8872, 313, 161, 344, 224
78.8077, 137, 195, 200, 210
78.8003, 81, 125, 96, 156
78.7966, 219, 125, 234, 140
78.7966, 285, 133, 316, 148
78.6728, 249, 189, 280, 204
78.5711, 181, 145, 196, 160
78.5711, 321, 161, 336, 176
78.5674, 17, 193, 144, 224
78.462, 247, 119, 262, 134
78.4435, 161, 69, 192, 100
78.4361, 235, 113, 250, 128
78.3271, 105, 73, 136, 88
78.3271, 265, 149, 328, 164
78.2143, 177, 49, 208, 112
78.2069, 173, 85, 188, 100
78.1163, 105, 65, 168, 96
78.1052, 193, 133, 224, 148
78.0941, 245, 73, 260, 104
78.0109, 75, 101, 90, 116
77.9888, 255, 157, 270, 172
77.8871, 297, 131, 360, 146
77.7964, 1, 1, 128, 128
77.7927, 169, 163, 184, 178
77.7632, 197, 189, 212, 220
77.7632, 149, 129, 180, 256
77.7521, 121, 165, 152, 180
77.6652, 25, 101, 56, 132
77.6652, 347, 97, 362, 224
77.6615, 215, 117, 230, 132
77.6504, 155, 93, 170, 124
77.6504, 155, 81, 170, 144
77.5783, 221, 179, 236, 194
77.5672, 283, 139, 298, 154
77.5561, 109, 61, 124, 92
77.4581, 255, 117, 270, 132
77.4434, 137, 139, 168, 154
77.4212, 243, 153, 258, 168
77.4175, 175, 137, 190, 200
77.3232, 265, 33, 296, 160
77.2289, 333, 165, 348, 180
77.2289, 155, 17, 170, 144
77.2178, 325, 81, 340, 208
77.2104, 225, 161, 240, 192
77.1235, 257, 87, 288, 102
77.1124, 177, 145, 192, 272
76.9996, 25, 115, 56, 130
76.996, 221, 135, 236, 150
76.9738, 209, 165, 240, 180
76.8832, 113, 205, 240, 236
76.8832, 127, 49, 142, 112
76.8684, 185, 17, 200, 144
76.7667, 249, 169, 264, 232
76.7593, 289, 175, 304, 190
76.6724, 251, 131, 266, 146
76.6724, 157, 173, 172, 188
76.6576, 87, 129, 102, 160
76.6539, 73, 77, 136, 92
76.6429, 65, 95, 96, 110
76.5523, 263, 133, 278, 148
76.4542, 53, 175, 68, 190
76.4432, 95, 107, 110, 122
76.4395, 265, 197, 296, 212
76.3304, 111, 105, 126, 168
76.323, 161, 65, 288, 96
76.3193, 313, 145, 328, 176
76.3009, 241, 199, 304, 214
76.1918, 105, 103, 136, 118
76.1049, 293, 199, 308, 214
76.1012, 137, 121, 200, 136
75.9921, 125, 141, 156, 156
75.9847, 55, 113, 70, 176
75.9736, 161, 73, 224, 104
75.9699, 171, 97, 186, 112
75.9626, 245, 97, 276, 112
75.8756, 305, 131, 320, 146
75.8719, 95, 149, 110, 180
75.8682, 165, 121, 180, 136
75.7665, 333, 145, 348, 176
75.7628, 185, 119, 200, 134
75.7592, 349, 159, 380, 174
75.7555, 271, 185, 286, 248
75.7481, 137, 125, 168, 140
75.6538, 193, 73, 208, 136
75.5558, 301, 197, 332, 228
75.541, 245, 141, 260, 156
75.5189, 173, 77, 188, 92
75.5152, 241, 17, 272, 144
75.4393, 293, 171, 324, 186
75.4135, 251, 161, 266, 288
75.3265, 129, 177, 192, 300
75.3191, 309, 135, 340, 150
75.3118, 113, 121, 176, 136
75.3081, 321, 165, 352, 180
75.2138, 197, 97, 228, 112
75.1953, 115, 117, 130, 148
75.1916, 249, 127, 312, 142
75.1879, 169, 91, 184, 106
75.1842, 191, 107, 206, 122
75.1842, 249, 201, 312, 232
75.101, 341, 143, 372, 158
75.0936, 105, 137, 120, 152
75.0862, 357, 161, 372, 192
75.0788, 177, 129, 192, 160
75.0751, 115, 101, 130, 116
75.0751, 113, 129, 128, 256
75.0567, 257, 93, 384, 124
74.9956, 291, 121, 306, 136
74.9956, 57, 83, 120, 98
74.9919, 181, 185, 212, 248
74.9882, 75, 157, 90, 188
74.9882, 353, 161, 384, 192
74.9845, 289, 141, 304, 156
74.9734, 203, 129, 218, 144
74.9734, 73, 153, 104, 168
74.8496, 317, 89, 332, 120
74.7553, 339, 145, 354, 176
74.7516, 57, 109, 88, 140
74.7442, 225, 145, 240, 272
74.7405, 77, 33, 108, 288
74.7331, 261, 129, 276, 256
74.6499, 185, 177, 216, 300
74.6425, 41, 137, 104, 168
74.6277, 25, 113, 56, 144
74.6241, 253, 65, 268, 96
74.4965, 149, 81, 164, 144
74.4207, 139, 49, 154, 112
74.4207, 25, 129, 56, 192
74.417, 273, 33, 400, 160
74.319, 91, 57, 106, 120
74.3153, 195, 85, 210, 116
74.3042, 45, 133, 76, 164
74.0897, 177, 177, 208, 208
74.086, 73, 167, 136, 182
74.0676, 27, 113, 42, 176
74.0639, 317, 161, 332, 224
74.0639, 251, 1, 266, 128
73.8568, 145, 57, 160, 120
73.842, 241, 73, 304, 104
73.842, 89, 33, 120, 288
73.6349, 165, 173, 196, 204
73.5296, 257, 177, 384, 300
73.5111, 269, 123, 300, 138
73.3946, 125, 185, 140, 248
73.3003, 205, 73, 220, 136
73.1617, 321, 97, 352, 224
73.0895, 209, 1, 240, 128
73.0674, 325, 129, 340, 256
73.06, 163, 153, 178, 216
72.9657, 191, 49, 206, 112
72.9399, 323, 161, 338, 224
72.7402, 229, 185, 260, 216
72.7106, 305, 97, 368, 128
72.6385, 149, 1, 164, 128
72.62, 339, 113, 354, 240
72.6015, 307, 73, 322, 136
72.5183, 17, 81, 48, 144
72.4998, 105, 197, 168, 228
72.3612, 289, 1, 352, 300
72.2854, 101, 135, 132, 150
72.2817, 49, 121, 80, 152
72.0562, 49, 149, 80, 180
72.0525, 37, 117, 68, 148
72.0451, 277, 145, 292, 272
72.0414, 269, 143, 300, 158
71.9471, 153, 85, 184, 100
71.8491, 145, 185, 176, 248
71.8343, 69, 113, 100, 144
71.8306, 171, 145, 186, 272
71.7068, 273, 97, 304, 128
71.7031, 355, 105, 370, 168
71.6994, 53, 1, 84, 256
71.6957, 253, 189, 284, 220
71.6846, 105, 33, 136, 160
71.6272, 57, 187, 120, 202
71.5903, 139, 49, 154, 176
71.5829, 105, 33, 168, 160
71.507, 253, 201, 284, 232
71.4738, 217, 81, 232, 144
71.3906, 89, 115, 120, 130
71.3832, 337, 159, 400, 174
71.3574, 203, 193, 218, 256
71.1724, 165, 169, 196, 232
71.1724, 161, 17, 176, 144
71.1614, 291, 65, 306, 128
71.056, 357, 145, 388, 208
71.0449, 241, 79, 304, 94
71.0338, 349, 149, 380, 180
71.0301, 177, 69, 208, 84
70.9432, 145, 189, 176, 220
70.9247, 97, 75, 160, 90
70.9174, 225, 85, 256, 100
70.8378, 57, 113, 88, 128
70.812, 125, 129, 140, 256
70.8083, 113, 197, 144, 228
70.8009, 289, 123, 352, 138
70.7287, 267, 65, 282, 128
70.6992, 157, 161, 172, 224
70.6918, 65, 89, 96, 120
70.6123, 211, 65, 226, 128
70.6049, 137, 1, 152, 128
70.579, 233, 193, 296, 208
70.4884, 263, 49, 278, 176
70.4847, 297, 65, 312, 128
70.4663, 301, 99, 332, 114
70.383, 241, 193, 272, 224
70.3646, 139, 177, 154, 240
70.3535, 161, 69, 192, 84
70.285, 297, 197, 360, 212
70.2739, 245, 193, 276, 256
70.2592, 101, 145, 116, 272
70.2481, 301, 89, 332, 120
70.1612, 329, 89, 392, 152
70.1612, 65, 185, 128, 248
70.1575, 269, 65, 300, 128
70.1316, 29, 81, 60, 144
70.1243, 89, 181, 152, 196
70.0484, 77, 139, 108, 154
70.03, 311, 161, 326, 224
69.8081, 169, 73, 232, 88
69.7101, 257, 73, 288, 104
69.7027, 189, 177, 204, 240
69.7027, 97, 41, 224, 104
69.6953, 129, 131, 160, 146
69.5973, 275, 65, 290, 128
69.5936, 333, 173, 364, 188
69.5899, 161, 1, 192, 128
69.5789, 201, 215, 264, 230
69.4698, 169, 79, 232, 94
69.4476, 81, 143, 144, 158
69.4476, 245, 49, 276, 112
69.3349, 93, 33, 124, 160
69.2332, 249, 161, 280, 288
69.1536, 233, 185, 264, 248
69.1425, 283, 65, 298, 128
69.1241, 321, 183, 384, 198
69.1204, 45, 91, 76, 106
69.1093, 321, 81, 336, 144
69.0076, 339, 161, 354, 224
69.0076, 169, 185, 232, 248
68.9281, 119, 105, 134, 168
68.8079, 73, 57, 88, 120
68.8042, 235, 1, 250, 128
68.7025, 305, 175, 336, 190
68.6804, 173, 1, 188, 128
68.5934, 325, 33, 340, 160
68.5676, 9, 73, 72, 136
68.4807, 29, 153, 60, 184
68.477, 193, 65, 256, 96
68.4696, 67, 57, 82, 120
68.4622, 275, 49, 290, 176
68.4548, 329, 169, 392, 200
68.3605, 151, 57, 166, 120
68.3458, 213, 177, 228, 300
68.1387, 31, 81, 46, 144
68.135, 195, 201, 210, 264
68.1239, 133, 177, 148, 240
68.1054, 99, 33, 114, 160
68.0259, 337, 89, 352, 152
68.0259, 253, 1, 284, 128
67.989, 193, 193, 224, 256
67.9205, 233, 33, 264, 96
67.9094, 1, 193, 400, 256
67.804, 317, 149, 348, 164
67.8004, 133, 197, 164, 228
67.7856, 85, 145, 116, 272
67.7745, 313, 105, 344, 120
67.6839, 25, 113, 56, 240
67.6654, 331, 97, 346, 224
67.5859, 41, 103, 72, 118
67.56, 41, 117, 104, 132
67.56, 147, 145, 162, 272
67.5564, 37, 115, 68, 130
67.3603, 293, 57, 324, 120
67.3271, 229, 33, 244, 160
67.316, 205, 193, 236, 256
67.2402, 265, 101, 296, 116
67.2217, 49, 169, 112, 200
67.218, 45, 65, 76, 128
67.109, 1, 193, 256, 256
67.0979, 351, 153, 366, 216
67.0868, 257, 33, 272, 160
67.022, 85, 85, 116, 100
66.9962, 293, 123, 324, 138
66.9962, 271, 145, 286, 272
66.9925, 209, 99, 240, 114
66.9888, 65, 33, 96, 288
66.9056, 85, 69, 116, 100
66.9019, 273, 131, 304, 146
66.8982, 181, 189, 212, 220
66.8871, 49, 161, 112, 224
66.8039, 219, 1, 234, 128
66.7706, 249, 139, 280, 154
66.6689, 43, 129, 58, 192
66.6579, 341, 125, 372, 156
66.6542, 277, 161, 308, 288
66.5672, 281, 97, 312, 112
66.5672, 61, 77, 92, 108
66.4545, 65, 89, 96, 104
66.4508, 177, 181, 208, 196
66.4471, 175, 161, 190, 224
66.4323, 93, 73, 124, 88
66.3491, 125, 201, 156, 264
66.3454, 321, 179, 352, 194
66.338, 153, 77, 184, 92
66.338, 79, 57, 94, 120
66.3232, 295, 193, 310, 256
66.3159, 131, 49, 146, 176
66.3048, 33, 65, 96, 128
66.1957, 133, 129, 164, 256
66.0145, 89, 193, 120, 208
65.9812, 49, 137, 64, 200
65.9739, 153, 175, 184, 190
65.8943, 301, 193, 332, 256
65.8869, 69, 115, 100, 130
65.7889, 273, 81, 336, 112
65.7594, 117, 1, 148, 128
65.556, 265, 209, 296, 240
65.5302, 73, 69, 136, 100
65.4543, 145, 177, 176, 300
65.4395, 1, 115, 64, 130
65.3304, 85, 57, 100, 120
65.1955, 117, 1, 132, 128
64.9958, 305, 57, 336, 120
64.9921, 233, 61, 264, 92
64.9626, 285, 145, 300, 272
64.8683, 105, 177, 168, 300
64.8646, 33, 113, 48, 176
64.8498, 285, 193, 316, 256
64.7813, 237, 177, 268, 300
64.7777, 273, 85, 304, 116
64.7666, 133, 69, 164, 100
64.7592, 89, 123, 152, 138
64.7555, 1, 113, 64, 144
64.6649, 289, 81, 320, 112
64.6649, 269, 209, 300, 272
64.6501, 289, 149, 352, 164
64.5226, 97, 81, 112, 144
64.5189, 333, 161, 348, 224
64.4357, 143, 1, 158, 128
64.4283, 31, 33, 46, 160
64.4135, 313, 129, 376, 256
64.2971, 37, 81, 52, 144
64.2138, 57, 189, 120, 220
64.101, 207, 17, 222, 144
63.9772, 189, 81, 220, 112
63.8533, 289, 33, 352, 160
63.759, 193, 209, 320, 272
63.7443, 337, 157, 400, 188
63.5298, 325, 49, 356, 176
63.4133, 273, 177, 336, 300
63.4059, 337, 145, 400, 176
63.4023, 65, 145, 96, 176
63.3079, 121, 61, 152, 92
63.1915, 237, 161, 252, 288
63.173, 17, 97, 80, 224
63.0676, 69, 153, 100, 216
62.977, 357, 161, 372, 224
62.7478, 313, 143, 376, 158
62.7478, 313, 17, 376, 144
62.6424, 17, 193, 144, 256
62.5333, 129, 201, 192, 216
62.5075, 45, 65, 60, 128
62.5038, 209, 201, 224, 264
62.4964, 333, 113, 348, 176
62.4964, 109, 129, 140, 256
62.4095, 161, 217, 224, 232
62.3984, 249, 211, 312, 226
62.391, 1, 97, 64, 160
62.3115, 231, 177, 246, 240
62.3041, 337, 89, 368, 152
62.2782, 347, 105, 362, 168
62.0748, 17, 33, 48, 160
61.9658, 1, 25, 400, 88
61.8456, 153, 161, 168, 288
61.7476, 181, 201, 212, 232
61.7365, 9, 153, 72, 184
61.6164, 99, 153, 114, 216
61.5257, 245, 33, 260, 96
61.3002, 243, 185, 258, 248
61.2817, 167, 49, 182, 112
61.2707, 281, 49, 296, 176
61.2707, 113, 177, 144, 300
61.1874, 189, 69, 220, 100
60.9324, 115, 193, 130, 256
60.8343, 41, 89, 104, 104
60.8343, 131, 1, 146, 128
60.7363, 151, 185, 166, 248
60.729, 161, 209, 224, 240
60.6994, 213, 193, 244, 224
60.6162, 337, 113, 368, 144
60.594, 41, 137, 72, 200
60.583, 293, 65, 308, 192
60.4017, 163, 177, 178, 240
60.3906, 145, 185, 160, 248
60.3722, 81, 187, 144, 202
60.35, 341, 161, 372, 224
60.2594, 101, 189, 132, 220
60.1799, 263, 1, 278, 128
60.1503, 297, 117, 360, 132
60.1466, 45, 81, 76, 112
60.143, 145, 73, 208, 88
60.0449, 105, 57, 136, 88
59.8231, 281, 17, 312, 144
59.812, 345, 177, 360, 240
59.8046, 41, 33, 72, 288
59.8009, 339, 113, 354, 176
59.7214, 41, 141, 104, 156
59.7214, 9, 153, 72, 216
59.7177, 213, 17, 228, 144
59.714, 1, 129, 64, 192
59.4848, 321, 97, 352, 128
59.47, 37, 49, 52, 176
59.3905, 317, 185, 348, 248
59.3794, 9, 151, 72, 166
59.0448, 241, 209, 304, 272
59.0337, 93, 153, 108, 216
59.03, 105, 41, 120, 104
58.932, 313, 111, 376, 126
58.9283, 289, 211, 352, 226
58.9283, 27, 113, 42, 240
58.9172, 117, 177, 132, 300
58.8303, 29, 153, 60, 216
58.8192, 221, 65, 252, 96
58.8008, 81, 153, 96, 216
58.7138, 361, 141, 392, 172
58.6732, 165, 49, 196, 112
58.5715, 337, 161, 400, 224
58.4624, 313, 145, 344, 272
58.3792, 165, 161, 180, 288
58.3681, 93, 17, 108, 144
58.2775, 185, 41, 248, 104
58.2627, 169, 169, 184, 232
58.2258, 329, 1, 392, 256
58.1574, 61, 49, 76, 112
58.1278, 73, 205, 136, 220
58.1278, 269, 33, 284, 160
58.1241, 61, 73, 76, 136
58.0372, 9, 145, 72, 272
58.0224, 297, 33, 328, 160
58.0003, 265, 197, 296, 228
57.8006, 291, 17, 306, 144
57.7858, 341, 1, 372, 256
57.7063, 131, 201, 146, 264
57.7026, 217, 205, 248, 236
57.4844, 73, 77, 104, 108
57.4549, 105, 1, 120, 128
57.3606, 1, 85, 64, 116
57.3532, 125, 177, 156, 300
57.3274, 57, 147, 120, 162
57.2589, 277, 209, 292, 272
57.2515, 1, 17, 64, 144
57.2441, 33, 113, 48, 240
57.0259, 49, 165, 112, 180
56.5601, 125, 1, 140, 128
56.4473, 97, 135, 160, 150
56.4399, 231, 145, 246, 272
56.3604, 69, 1, 100, 128
56.2255, 289, 177, 320, 300
56.1164, 113, 207, 176, 222
56.1164, 273, 65, 400, 128
56.1053, 291, 161, 306, 288
56.0073, 331, 49, 346, 176
55.9852, 25, 33, 88, 288
55.8835, 273, 193, 336, 256
55.8761, 193, 209, 224, 240
55.8039, 297, 203, 360, 218
55.7707, 87, 161, 102, 224
55.6764, 185, 33, 200, 96
55.6653, 309, 33, 340, 160
55.4582, 283, 209, 298, 272
55.4435, 33, 147, 96, 162
55.4287, 55, 65, 70, 128
55.425, 89, 185, 152, 248
55.2401, 87, 1, 102, 128
55.1273, 81, 1, 96, 128
55.1162, 97, 33, 128, 96
54.8907, 159, 161, 174, 288
54.8611, 329, 165, 392, 180
54.7927, 245, 177, 260, 300
54.7742, 263, 177, 278, 300
54.7631, 41, 177, 104, 192
54.7521, 111, 1, 126, 128
54.643, 319, 145, 334, 272
54.556, 1, 1, 400, 64
54.5524, 55, 1, 70, 128
54.3157, 353, 113, 368, 240
54.3047, 281, 97, 344, 112
54.2214, 321, 189, 352, 220
54.105, 63, 1, 78, 128
54.0939, 81, 41, 144, 104
53.9996, 43, 153, 58, 216
53.8868, 99, 177, 114, 240
53.6649, 237, 185, 252, 248
53.6576, 257, 177, 272, 300
53.5337, 53, 161, 84, 224
53.4431, 317, 185, 332, 248
53.1917, 333, 181, 364, 212
53.1048, 325, 185, 340, 248
53.0752, 245, 61, 276, 92
52.992, 157, 185, 172, 248
52.9883, 201, 217, 216, 280
52.9772, 17, 129, 80, 144
52.9699, 95, 145, 110, 272
52.8792, 75, 1, 90, 128
52.7517, 357, 1, 388, 256
52.5335, 305, 193, 320, 256
52.5151, 75, 153, 90, 216
52.4208, 1, 91, 64, 106
52.4208, 45, 1, 76, 128
52.4097, 123, 177, 138, 300
52.406, 217, 65, 280, 96
52.3228, 313, 177, 328, 300
52.3154, 331, 185, 346, 248
52.1878, 257, 201, 384, 264
52.1657, 329, 113, 392, 176
52.0935, 321, 119, 384, 134
52.0935, 249, 193, 264, 256
51.9771, 113, 69, 176, 84
51.9734, 161, 33, 288, 96
51.9549, 9, 141, 72, 172
51.8717, 321, 105, 384, 120
51.8643, 89, 189, 120, 220
51.8606, 329, 185, 360, 248
51.7515, 57, 1, 88, 128
51.6203, 337, 133, 400, 164
51.5186, 1, 103, 64, 118
51.5112, 17, 109, 80, 124
51.4206, 311, 185, 326, 248
51.4132, 353, 173, 384, 204
51.4058, 93, 185, 124, 248
51.3078, 123, 209, 138, 272
51.3041, 349, 113, 380, 144
51.293, 305, 65, 368, 128
51.1655, 337, 171, 400, 186
51.0749, 241, 41, 304, 104
50.9658, 193, 75, 256, 90
50.9658, 273, 49, 336, 112
50.9621, 41, 1, 104, 128
50.9104, 65, 189, 192, 220
50.8604, 17, 139, 80, 154
50.8567, 259, 201, 274, 264
50.8383, 299, 33, 314, 160
50.6201, 65, 33, 320, 96
50.6127, 325, 161, 356, 288
50.5073, 107, 177, 122, 300
50.3983, 219, 209, 234, 272
50.2966, 201, 217, 232, 280
50.2929, 209, 213, 272, 244
50.2892, 241, 69, 368, 100
50.2818, 53, 161, 68, 224
50.267, 321, 177, 352, 208
50.071, 349, 89, 380, 152
50.0562, 129, 177, 144, 300
50.0526, 351, 177, 366, 240
49.8122, 357, 129, 388, 160
49.8086, 25, 81, 88, 112
49.7364, 111, 25, 126, 88
49.6199, 43, 145, 58, 272
49.5941, 33, 153, 96, 168
49.4924, 331, 161, 346, 288
49.3907, 313, 99, 376, 114
49.387, 13, 105, 44, 136
49.2853, 149, 69, 180, 100
49.1725, 169, 25, 200, 88
49.1651, 135, 177, 150, 300
49.0561, 353, 169, 384, 232
49.0524, 357, 161, 372, 288
49.0413, 65, 193, 192, 256
48.9175, 141, 161, 156, 288
48.8379, 281, 217, 312, 280
48.8342, 21, 89, 52, 120
48.8268, 9, 165, 72, 180
48.8195, 1, 121, 64, 136
48.8158, 25, 49, 40, 176
48.8158, 49, 129, 112, 256
48.7104, 353, 65, 368, 192
48.7067, 177, 57, 208, 88
48.6919, 297, 177, 312, 300
48.6087, 161, 209, 224, 272
48.5791, 205, 209, 236, 240
48.2814, 285, 1, 300, 128
48.2519, 29, 33, 60, 160
48.165, 305, 77, 336, 108
48.165, 49, 177, 112, 300
48.1465, 317, 65, 348, 128
48.0559, 325, 177, 340, 300
47.9284, 93, 57, 124, 88
47.8267, 129, 201, 192, 232
47.8193, 201, 81, 232, 112
47.7102, 121, 209, 152, 240
47.688, 25, 165, 88, 196
47.6048, 77, 177, 108, 240
47.6011, 57, 199, 120, 214
47.5827, 337, 137, 400, 152
47.4883, 89, 161, 104, 288
47.3829, 279, 1, 294, 128
47.3756, 177, 67, 240, 82
47.2591, 49, 33, 176, 96
47.15, 225, 211, 288, 226
47.1426, 1, 217, 256, 280
46.9023, 85, 165, 116, 196
46.8117, 201, 221, 232, 252
46.8117, 189, 217, 220, 280
46.6879, 329, 1, 392, 300
46.5899, 69, 181, 100, 212
46.5751, 313, 129, 328, 256
46.5714, 49, 173, 80, 204
46.4623, 311, 33, 326, 160
46.3606, 277, 213, 308, 244
46.2515, 217, 201, 248, 264
46.2405, 33, 137, 64, 168
46.2368, 319, 49, 334, 176
46.0297, 257, 41, 288, 104
46.026, 273, 81, 400, 112
45.9854, 25, 1, 88, 300
45.9169, 113, 209, 144, 272
45.9132, 249, 213, 312, 244
45.9132, 73, 161, 104, 288
45.8005, 81, 161, 96, 288
45.7931, 305, 85, 368, 116
45.7857, 345, 49, 376, 176
45.5638, 33, 57, 64, 120
45.5601, 45, 33, 60, 160
45.3531, 69, 1, 84, 128
45.3494, 9, 49, 72, 112
45.3309, 165, 53, 196, 84
45.244, 65, 177, 96, 240
45.0111, 357, 145, 388, 272
44.9094, 129, 33, 192, 96
44.902, 321, 185, 384, 248
44.6801, 153, 41, 184, 104
44.2364, 1, 173, 64, 188
44.229, 341, 185, 372, 248
44.1236, 109, 25, 140, 88
44.1015, 337, 49, 352, 176
44.0035, 337, 127, 400, 142
43.9998, 73, 201, 136, 232
43.985, 41, 161, 72, 192
43.8649, 345, 129, 376, 256
43.7816, 209, 221, 272, 236
43.6726, 97, 209, 160, 272
43.6578, 65, 71, 128, 86
43.5635, 69, 177, 84, 300
43.447, 289, 209, 352, 240
43.4433, 361, 121, 392, 184
43.3342, 333, 193, 364, 224
43.3305, 297, 213, 328, 244
43.3195, 33, 77, 64, 108
43.2252, 61, 177, 92, 300
43.2215, 189, 41, 220, 104
43.203, 169, 61, 232, 92
42.9849, 305, 49, 320, 176
42.8868, 1, 159, 64, 174
42.8868, 257, 209, 288, 272
42.7741, 337, 113, 400, 144
42.7704, 33, 41, 96, 104
42.6613, 217, 217, 248, 248
42.6539, 75, 161, 90, 288
42.5559, 347, 33, 362, 160
42.5448, 109, 209, 140, 240
42.3045, 185, 209, 248, 272
42.0974, 49, 41, 80, 104
41.8793, 61, 177, 76, 300
41.8719, 321, 85, 352, 116
41.8645, 137, 67, 200, 82
41.3802, 153, 49, 216, 112
41.3117, 37, 1, 52, 128
41.1916, 5, 117, 36, 148
41.0862, 353, 185, 384, 216
41.0862, 129, 57, 192, 88
41.0714, 1, 33, 64, 288
40.9771, 1, 165, 64, 196
40.9734, 189, 221, 220, 252
40.5297, 157, 185, 188, 216
40.3116, 305, 1, 320, 128
40.1914, 81, 53, 208, 84
40.1803, 241, 61, 304, 92
40.0712, 153, 53, 184, 84
40.0712, 193, 217, 320, 248
39.8531, 45, 69, 76, 100
39.5185, 257, 61, 288, 92
39.5148, 97, 209, 160, 240
39.4094, 55, 177, 70, 300
39.3688, 29, 1, 60, 256
39.1469, 349, 113, 380, 176
39.0711, 29, 165, 60, 196
39.0711, 319, 1, 334, 128
39.0637, 1, 217, 400, 280
38.9435, 81, 57, 144, 88
38.9361, 1, 1, 64, 300
38.7327, 245, 25, 276, 88
38.7291, 361, 117, 392, 148
38.7291, 33, 161, 64, 288
38.5941, 337, 113, 400, 240
38.5072, 49, 77, 112, 92
38.5035, 93, 205, 124, 236
38.3834, 337, 185, 400, 216
38.1467, 65, 169, 96, 200
38.0414, 17, 179, 80, 194
38.0377, 217, 75, 280, 90
37.936, 81, 129, 144, 144
37.7215, 265, 217, 328, 280
37.692, 337, 177, 400, 192
37.594, 337, 189, 400, 204
37.4996, 49, 177, 80, 300
37.4775, 25, 159, 88, 174
37.3795, 17, 205, 144, 236
37.2741, 49, 185, 80, 248
37.2704, 337, 33, 400, 160
37.2556, 21, 137, 52, 168
37.165, 341, 177, 356, 300
37.1503, 73, 211, 136, 226
37.1355, 65, 201, 192, 232
36.8267, 321, 177, 384, 300
36.823, 21, 57, 52, 120
36.7029, 249, 217, 312, 232
36.5938, 21, 129, 36, 256
36.4847, 21, 77, 52, 108
36.4847, 177, 221, 240, 252
36.4847, 359, 49, 374, 176
36.2518, 5, 113, 36, 176
36.1464, 169, 49, 232, 80
36.0336, 13, 129, 44, 256
35.9171, 17, 177, 80, 208
35.8118, 41, 185, 104, 248
35.5936, 337, 177, 368, 300
35.5825, 49, 161, 64, 288
35.4661, 5, 129, 36, 160
35.455, 81, 155, 144, 170
35.3459, 337, 149, 400, 164
35.0224, 97, 209, 352, 272
34.9133, 249, 73, 312, 88
34.9133, 57, 185, 88, 216
34.6951, 351, 177, 366, 300
34.5713, 169, 223, 232, 238
34.4659, 209, 33, 336, 96
34, 89, 69, 152, 84
33.902, 17, 177, 80, 240
33.6802, 357, 49, 388, 176
33.3419, 153, 25, 216, 88
33.2254, 5, 89, 36, 152
33.2254, 353, 17, 368, 144
33.12, 1, 73, 64, 104
33.1015, 25, 171, 88, 186
32.8871, 281, 217, 344, 232
32.6652, 169, 61, 232, 76
32.6615, 1, 33, 128, 96
32.3158, 41, 161, 72, 224
32.1014, 305, 93, 368, 108
31.8832, 25, 69, 88, 100
31.8795, 177, 53, 304, 84
31.5449, 45, 185, 76, 216
31.323, 101, 209, 132, 272
30.9847, 105, 53, 168, 84
30.9847, 361, 97, 392, 160
30.9847, 19, 33, 34, 160
30.9663, 57, 129, 88, 256
29.9698, 33, 177, 64, 208
29.8607, 293, 217, 324, 280
29.857, 265, 89, 328, 104
29.8533, 17, 57, 144, 88
29.8459, 49, 131, 112, 146
29.8422, 337, 143, 400, 158
29.7516, 1, 85, 64, 100
29.7516, 57, 57, 120, 88
29.7516, 105, 25, 168, 88
29.7479, 5, 33, 36, 160
29.6352, 189, 57, 220, 88
29.075, 145, 61, 208, 76
28.7404, 145, 45, 208, 76
28.6276, 85, 33, 116, 96
28.6202, 13, 137, 44, 200
28.3984, 73, 209, 136, 272
28.1654, 33, 185, 96, 200
28.1617, 241, 209, 368, 240
28.0674, 209, 217, 272, 280
28.0637, 1, 241, 400, 300
27.951, 321, 195, 384, 210
27.9473, 97, 213, 160, 228
27.8419, 321, 1, 352, 128
27.8382, 1, 9, 256, 72
27.6126, 145, 207, 208, 222
27.5036, 97, 9, 352, 72
26.7142, 113, 217, 240, 248
26.6883, 13, 81, 44, 208
26.4849, 357, 97, 388, 224
26.3832, 1, 97, 32, 224
26.1577, 225, 57, 352, 88
26.0375, 359, 113, 374, 240
26.0228, 45, 129, 76, 256
25.9321, 217, 25, 280, 88
25.9174, 55, 129, 70, 256
25.3535, 17, 1, 48, 256
25.2555, 177, 45, 208, 76
25.03, 113, 217, 240, 280
24.7934, 69, 129, 84, 256
24.6953, 369, 1, 400, 256
23.4659, 221, 33, 252, 96
23.4622, 81, 57, 112, 88
23.4622, 17, 149, 48, 180
23.3495, 57, 33, 120, 96
23.1239, 157, 17, 188, 80
23.1202, 273, 41, 400, 104
23.0112, 5, 141, 36, 172
23.0112, 329, 97, 392, 128
22.5638, 33, 217, 160, 280
22.1016, 63, 129, 78, 256
21.9962, 273, 1, 400, 64
21.778, 37, 185, 68, 248
21.6653, 365, 49, 380, 176
21.5451, 17, 81, 32, 208
20.6466, 273, 1, 400, 32
20.5486, 121, 209, 184, 272
20.3194, 217, 53, 280, 84
20.312, 313, 1, 376, 64
20.0902, 1, 241, 128, 300
19.8646, 1, 9, 128, 72
19.7592, 365, 113, 380, 240
19.7555, 73, 213, 136, 244
18.8607, 201, 225, 264, 256
18.8607, 121, 25, 152, 88
18.748, 65, 213, 192, 244
18.5187, 1, 241, 256, 300
18.406, 1, 41, 128, 72
17.733, 225, 1, 352, 32
17.6203, 1, 1, 128, 32
17.5149, 213, 225, 244, 288
17.3984, 25, 1, 40, 128
17.1729, 369, 129, 400, 160
16.9473, 1, 13, 128, 44
16.8419, 97, 17, 224, 80
16.8382, 33, 189, 96, 220
16.8382, 1, 137, 32, 200
16.7255, 37, 161, 52, 288
16.609, 273, 13, 400, 44
16.4999, 337, 1, 400, 64
16.1616, 225, 1, 352, 64
16.0525, 17, 217, 144, 248
16.0488, 333, 1, 364, 128
15.9398, 81, 17, 144, 80
15.827, 31, 161, 46, 288
15.8233, 289, 1, 352, 64
15.7142, 297, 41, 360, 104
15.6051, 129, 49, 256, 80
15.6014, 265, 69, 328, 100
15.2631, 349, 1, 380, 128
15.045, 181, 17, 212, 80
15.0376, 377, 1, 392, 128
15.0376, 383, 1, 398, 128
15.0376, 365, 1, 396, 128
14.9248, 1, 25, 128, 56
14.8157, 1, 261, 128, 292
14.8157, 337, 1, 352, 128
14.5939, 329, 197, 392, 228
14.5939, 273, 221, 336, 252
14.5902, 225, 13, 352, 44
14.4774, 1, 245, 128, 276
14.3646, 273, 25, 400, 56
14.2556, 37, 33, 68, 96
14.2519, 273, 37, 400, 68
13.8082, 15, 129, 30, 256
13.8082, 1, 33, 32, 288
13.6954, 289, 217, 352, 280
13.6917, 1, 229, 128, 260
13.6917, 359, 1, 374, 128
13.5789, 305, 9, 368, 40
13.1315, 345, 1, 376, 64
13.0225, 9, 241, 72, 300
13.0188, 371, 1, 386, 128
12.5714, 361, 1, 392, 64
12.4586, 225, 29, 352, 60
12.4549, 281, 1, 344, 32
12.0075, 365, 1, 380, 128
11.5638, 177, 17, 240, 80
11.3346, 281, 13, 344, 44
10.8835, 331, 1, 346, 128
10.7744, 225, 41, 352, 72
10.7744, 321, 1, 352, 64
10.7744, 333, 1, 364, 64
10.6653, 97, 233, 352, 296
10.5526, 257, 221, 384, 252
10.4398, 297, 73, 360, 104
9.99608, 89, 209, 120, 272
9.99239, 17, 17, 80, 80
9.9887, 321, 25, 384, 88
9.87961, 49, 29, 176, 60
9.5413, 317, 41, 348, 104
9.42853, 329, 65, 360, 128
9.42853, 369, 65, 400, 192
9.31576, 329, 1, 392, 32
9.09021, 49, 9, 176, 72
8.98482, 353, 193, 384, 256
8.98113, 49, 265, 176, 296
8.97744, 305, 21, 368, 52
8.86836, 305, 1, 336, 64
8.86836, 383, 49, 398, 176
8.75928, 153, 221, 216, 252
8.75559, 265, 9, 328, 72
8.75559, 49, 241, 176, 300
8.64651, 49, 201, 112, 232
8.63913, 273, 53, 400, 84
8.53005, 49, 1, 176, 32
8.3045, 281, 29, 344, 60
8.19542, 49, 253, 176, 284
8.08265, 49, 41, 176, 72
8.08265, 371, 49, 386, 176
7.96988, 329, 85, 392, 116
7.96988, 49, 237, 176, 268
7.96988, 377, 49, 392, 176
7.85711, 17, 161, 48, 224
7.85711, 185, 233, 248, 296
7.74434, 1, 217, 64, 280
7.63156, 9, 189, 72, 220
7.63156, 1, 217, 64, 248
7.29694, 1, 49, 64, 80
7.18417, 257, 1, 320, 32
7.0714, 1, 257, 64, 288
6.624, 329, 17, 392, 48
6.62031, 1, 5, 64, 36
6.62031, 49, 13, 176, 44
6.51123, 257, 13, 320, 44
6.51123, 313, 37, 376, 68
6.39846, 1, 61, 64, 92
6.39846, 177, 229, 304, 260
6.39846, 257, 225, 384, 288
6.28938, 177, 209, 208, 272
6.28569, 9, 33, 72, 64
6.28569, 349, 25, 380, 88
6.28569, 365, 25, 396, 88
6.28569, 137, 33, 168, 96
6.06014, 1, 205, 64, 236
5.72552, 1, 233, 64, 264
5.72552, 129, 229, 256, 260
5.49997, 81, 45, 144, 76
5.49997, 329, 65, 392, 128
5.49997, 161, 233, 288, 296
5.3872, 9, 21, 72, 52
5.16166, 33, 217, 96, 280
5.05258, 293, 1, 324, 64
4.82704, 329, 33, 360, 96
4.82704, 241, 17, 304, 80
4.71426, 41, 9, 104, 72
4.71426, 11, 81, 26, 208
4.60518, 121, 213, 184, 244
4.60149, 369, 113, 400, 240
4.48872, 33, 241, 96, 300
4.1541, 363, 161, 378, 288
4.04133, 241, 49, 304, 80
4.04133, 37, 241, 68, 300
3.92855, 41, 1, 104, 32
3.92855, 5, 65, 36, 128
3.92855, 145, 9, 272, 72
3.81947, 13, 33, 28, 160
3.81578, 273, 41, 336, 72
3.81578, 25, 217, 88, 248
3.70301, 65, 225, 192, 256
3.48116, 1, 145, 32, 272
3.25561, 25, 201, 88, 232
3.25561, 25, 269, 88, 300
3.25561, 177, 21, 304, 52
3.25561, 349, 49, 380, 112
3.14284, 305, 49, 368, 80
3.14284, 25, 53, 88, 84
3.14284, 65, 253, 128, 284
3.14284, 177, 9, 304, 40
3.14284, 97, 13, 224, 44
3.03007, 257, 25, 320, 56
3.03007, 33, 233, 96, 264
3.02638, 193, 53, 256, 84
2.9173, 337, 29, 400, 60
2.80453, 157, 193, 188, 256
2.69545, 249, 225, 312, 256
2.4699, 177, 37, 304, 68
2.4699, 297, 33, 328, 96
2.4699, 33, 217, 64, 280
2.4699, 57, 241, 120, 300
2.35713, 97, 221, 160, 252
2.35713, 49, 269, 112, 300
2.35713, 97, 1, 224, 32
2.35713, 25, 33, 56, 96
2.35713, 337, 209, 368, 272
2.35713, 329, 209, 392, 272
2.24436, 33, 13, 96, 44
2.24436, 9, 241, 40, 300
2.13159, 25, 241, 56, 300
2.01882, 137, 209, 168, 272
1.79696, 65, 229, 128, 260
1.68419, 17, 245, 80, 276
1.68419, 41, 245, 104, 276
1.68419, 361, 49, 392, 112
1.68419, 57, 233, 88, 296
1.68419, 113, 241, 240, 300
1.68419, 377, 177, 392, 300
1.68419, 383, 177, 398, 300
1.68419, 369, 177, 400, 300
1.57142, 65, 25, 128, 56
1.57142, 33, 41, 96, 72
1.57142, 281, 53, 344, 84
1.57142, 297, 221, 360, 252
1.57142, 177, 233, 240, 264
1.57142, 97, 237, 160, 268
1.57142, 57, 209, 88, 272
1.57142, 225, 241, 256, 300
1.57142, 261, 241, 292, 300
1.57142, 105, 241, 168, 300
1.57142, 241, 241, 304, 300
1.57142, 7, 177, 22, 300
1.45865, 61, 33, 92, 96
1.34588, 49, 217, 112, 248
1.34588, 1, 269, 64, 300
1.00756, 369, 145, 400, 208
0.898482, 73, 1, 136, 32
0.898482, 57, 41, 120, 72
0.898482, 89, 253, 152, 284
0.898482, 97, 25, 224, 56
0.898482, 97, 241, 224, 272
0.898482, 217, 241, 280, 300
0.898482, 15, 177, 30, 300
0.898482, 369, 177, 384, 300
0.785711, 97, 1, 160, 32
0.785711, 337, 61, 400, 92
0.785711, 273, 253, 400, 284
0.785711, 97, 261, 224, 292
0.785711, 33, 1, 64, 64
0.785711, 45, 1, 76, 64
0.785711, 109, 1, 140, 64
0.785711, 81, 9, 112, 72
0.785711, 9, 41, 40, 104
0.785711, 269, 41, 300, 104
0.785711, 5, 177, 36, 240
0.785711, 325, 209, 356, 272
0.785711, 369, 209, 400, 272
0.785711, 5, 217, 36, 280
0.785711, 17, 217, 48, 280
0.785711, 149, 217, 180, 280
0.785711, 369, 233, 400, 296
0.785711, 129, 241, 160, 300
0.785711, 141, 241, 172, 300
0.785711, 249, 241, 280, 300
0.785711, 281, 241, 312, 300
0.785711, 317, 241, 348, 300
0.785711, 329, 241, 360, 300
0.785711, 329, 233, 392, 296
0.785711, 129, 241, 192, 300
0.785711, 273, 241, 336, 300
0.785711, 7, 33, 22, 160
0.785711, 1, 177, 16, 300
0.785711, 21, 177, 36, 300
0.785711, 13, 177, 44, 300
0.672939, 337, 41, 400, 72
0.672939, 305, 61, 368, 92
0.672939, 329, 73, 392, 104
0.672939, 273, 241, 400, 272
0.672939, 97, 9, 128, 72
0.672939, 1, 1, 16, 128
0.560167, 281, 41, 312, 104
0.560167, 25, 193, 56, 256
0.560167, 45, 217, 76, 280
0.225543, 257, 17, 288, 80
0.225543, 161, 233, 224, 296
0.221852, 209, 233, 336, 296
0.112772, 57, 13, 120, 44
0.112772, 249, 37, 312, 68
0, 113, 41, 176, 72
0, 193, 41, 256, 72
0, 217, 41, 280, 72
0, 313, 209, 376, 240
0, 337, 209, 400, 240
0, 337, 221, 400, 252
0, 121, 233, 184, 264
0, 145, 233, 208, 264
0, 225, 233, 288, 264
0, 289, 233, 352, 264
0, 313, 233, 376, 264
0, 337, 233, 400, 264
0, 121, 245, 184, 276
0, 145, 245, 208, 276
0, 169, 245, 232, 276
0, 193, 245, 256, 276
0, 217, 245, 280, 276
0, 241, 245, 304, 276
0, 265, 245, 328, 276
0, 289, 245, 352, 276
0, 313, 245, 376, 276
0, 337, 245, 400, 276
0, 121, 257, 184, 288
0, 145, 257, 208, 288
0, 169, 257, 232, 288
0, 193, 257, 256, 288
0, 217, 257, 280, 288
0, 241, 257, 304, 288
0, 265, 257, 328, 288
0, 289, 257, 352, 288
0, 313, 257, 376, 288
0, 337, 257, 400, 288
0, 73, 265, 136, 296
0, 97, 269, 160, 300
0, 121, 269, 184, 300
0, 145, 269, 208, 300
0, 169, 269, 232, 300
0, 193, 269, 256, 300
0, 217, 269, 280, 300
0, 241, 269, 304, 300
0, 265, 269, 328, 300
0, 289, 269, 352, 300
0, 313, 269, 376, 300
0, 337, 269, 400, 300
0, 129, 37, 256, 68
0, 225, 233, 352, 264
0, 177, 245, 304, 276
0, 225, 245, 352, 276
0, 177, 257, 304, 288
0, 225, 257, 352, 288
0, 177, 269, 304, 300
0, 225, 269, 352, 300
0, 273, 269, 400, 300
0, 201, 33, 232, 96
0, 369, 73, 400, 136
0, 369, 185, 400, 248
0, 229, 209, 260, 272
0, 77, 217, 108, 280
0, 165, 217, 196, 280
0, 313, 217, 344, 280
0, 357, 217, 388, 280
0, 237, 233, 268, 296
0, 69, 241, 100, 300
0, 81, 241, 112, 300
0, 93, 241, 124, 300
0, 105, 241, 136, 300
0, 117, 241, 148, 300
0, 153, 241, 184, 300
0, 165, 241, 196, 300
0, 177, 241, 208, 300
0, 189, 241, 220, 300
0, 201, 241, 232, 300
0, 293, 241, 324, 300
0, 305, 241, 336, 300
0, 345, 241, 376, 300
0, 357, 241, 388, 300
0, 105, 1, 168, 64
0, 129, 1, 192, 64
0, 153, 1, 216, 64
0, 217, 1, 280, 64
0, 81, 241, 144, 300
0, 5, 81, 20, 208
0, 1, 129, 16, 256
0, 7, 129, 22, 256
0, 373, 129, 388, 256
0, 379, 129, 394, 256
0, 385, 129, 400, 256
-0.112772, 305, 241, 368, 300
