2790
293.939, 235, 101, 250, 132
287.476, 217, 121, 248, 152
284.187, 241, 73, 272, 136
278.578, 241, 105, 272, 168
272.645, 233, 81, 296, 112
270.943, 235, 103, 250, 118
267.229, 217, 105, 280, 168
266.228, 217, 117, 280, 148
265.069, 241, 141, 272, 156
261.558, 241, 65, 272, 192
258.525, 265, 103, 296, 118
256.898, 237, 109, 252, 124
255.105, 233, 93, 296, 124
253.675, 241, 113, 272, 144
253.646, 221, 105, 252, 168
253.465, 241, 81, 272, 112
252.526, 231, 111, 246, 126
251.649, 257, 105, 320, 168
248.262, 225, 107, 288, 122
247.477, 225, 105, 288, 136
244.454, 235, 97, 250, 160
242.664, 245, 141, 276, 172
242.552, 233, 73, 296, 136
241.25, 241, 119, 272, 134
241.202, 249, 113, 264, 176
241.18, 245, 101, 276, 132
240.424, 233, 95, 296, 110
240.089, 241, 129, 272, 160
239.533, 265, 85, 328, 116
238.379, 217, 129, 280, 160
238.176, 235, 121, 250, 152
237.255, 209, 81, 336, 208
237.168, 227, 105, 242, 168
236.939, 225, 145, 288, 160
236.815, 225, 105, 352, 168
235.04, 243, 73, 258, 136
234.608, 241, 81, 256, 112
233.571, 225, 141, 288, 172
233.461, 257, 105, 288, 168
232.36, 265, 91, 296, 106
232.214, 257, 93, 288, 124
231.777, 241, 101, 272, 116
229.747, 241, 125, 368, 156
229.507, 249, 105, 312, 120
228.009, 289, 81, 320, 112
227.83, 249, 105, 312, 136
226.754, 251, 109, 266, 140
226.165, 245, 105, 260, 136
225.98, 219, 121, 234, 152
224.841, 241, 81, 272, 96
224.615, 233, 83, 296, 98
224.356, 269, 89, 300, 120
224.262, 237, 111, 268, 126
224.059, 209, 129, 272, 144
222.582, 249, 81, 264, 208
222.251, 233, 89, 296, 104
222.195, 225, 129, 288, 192
221.563, 255, 73, 270, 136
221.424, 241, 103, 256, 118
221.108, 225, 111, 256, 126
220.981, 249, 111, 312, 126
220.57, 273, 93, 288, 124
220.563, 259, 93, 274, 124
220.217, 249, 125, 312, 156
219.213, 265, 105, 280, 168
219.21, 235, 149, 250, 164
218.853, 265, 99, 328, 114
218.624, 217, 139, 280, 154
218.326, 289, 73, 320, 136
218.296, 225, 117, 288, 132
218.165, 235, 145, 250, 176
217.161, 217, 81, 280, 208
216.165, 247, 133, 262, 164
215.969, 269, 105, 300, 168
215.71, 257, 81, 320, 144
215.634, 255, 65, 270, 192
215.251, 241, 145, 272, 208
214.699, 225, 105, 352, 136
214.575, 229, 105, 260, 120
214.037, 209, 81, 336, 144
214.026, 289, 107, 320, 122
213.149, 243, 65, 258, 192
212.462, 309, 113, 340, 176
212.131, 249, 73, 264, 136
211.887, 225, 141, 352, 172
211.698, 265, 85, 296, 100
211.116, 229, 149, 244, 164
210.894, 209, 93, 336, 124
210.8, 265, 65, 328, 192
210.646, 229, 105, 260, 136
210.232, 273, 153, 288, 184
210.232, 319, 113, 334, 176
209.654, 241, 153, 304, 184
209.232, 233, 141, 248, 156
209.097, 249, 111, 280, 126
209.079, 249, 137, 312, 168
208.548, 235, 133, 250, 164
208.285, 265, 105, 296, 136
208.217, 269, 89, 284, 104
207.413, 281, 113, 344, 176
206.954, 235, 81, 250, 208
206.638, 241, 105, 256, 168
206.485, 233, 151, 296, 166
205.743, 217, 135, 248, 150
205.303, 261, 157, 292, 188
204.499, 257, 145, 288, 208
204.412, 265, 113, 280, 128
204.266, 241, 65, 304, 192
203.943, 193, 129, 320, 160
203.706, 259, 113, 274, 176
203.604, 265, 81, 296, 144
203.248, 249, 149, 280, 164
202.161, 265, 143, 328, 158
202.109, 233, 117, 248, 132
201.905, 221, 119, 252, 134
201.615, 265, 129, 296, 160
201.334, 311, 105, 326, 120
200.913, 225, 165, 288, 196
200.469, 279, 91, 294, 106
200.218, 229, 149, 244, 180
200.123, 273, 105, 336, 136
199.887, 209, 81, 336, 112
199.683, 257, 91, 320, 106
199.661, 233, 141, 264, 172
198.988, 263, 149, 278, 164
198.916, 237, 87, 268, 102
198.661, 273, 149, 336, 180
198.439, 273, 153, 336, 168
198.341, 289, 65, 320, 192
198.323, 221, 113, 236, 176
198.206, 209, 145, 336, 208
197.901, 225, 117, 240, 148
197.635, 279, 89, 294, 120
196.748, 261, 111, 292, 126
196.394, 267, 85, 282, 116
196.089, 243, 145, 258, 208
195.98, 265, 85, 328, 100
195.391, 221, 145, 252, 160
194.954, 193, 117, 320, 148
194.917, 229, 129, 260, 192
194.082, 261, 107, 276, 122
193.969, 271, 105, 286, 168
193.913, 229, 81, 260, 208
193.823, 249, 153, 312, 216
193.244, 1, 113, 400, 176
193.15, 261, 81, 276, 144
192.59, 221, 145, 252, 176
192.451, 233, 93, 264, 124
192.288, 267, 129, 282, 160
192.259, 241, 95, 272, 110
192.139, 229, 125, 260, 156
191.935, 245, 117, 260, 148
191.891, 241, 93, 256, 124
191.863, 273, 103, 288, 118
191.856, 237, 165, 268, 196
191.845, 273, 153, 288, 168
191.691, 265, 77, 296, 108
191.688, 225, 101, 288, 116
191.564, 265, 97, 280, 128
191.423, 245, 141, 260, 156
191.375, 253, 129, 268, 160
191.259, 65, 65, 320, 192
191.15, 265, 97, 296, 112
191.142, 209, 165, 336, 196
190.728, 255, 141, 270, 156
190.589, 225, 153, 352, 184
190.578, 245, 155, 276, 170
190.443, 261, 151, 292, 166
189.774, 253, 73, 284, 136
189.658, 259, 121, 274, 152
189.6, 257, 101, 272, 116
189.116, 217, 123, 280, 138
189.007, 263, 109, 278, 140
188.68, 225, 151, 256, 166
188.01, 289, 105, 320, 136
187.781, 287, 85, 302, 116
187.417, 1, 81, 400, 208
187.334, 225, 157, 288, 172
186.966, 177, 121, 304, 184
186.861, 259, 141, 274, 172
186.461, 213, 129, 244, 144
186.428, 235, 121, 250, 184
186.191, 257, 145, 272, 208
185.751, 265, 65, 296, 192
185.221, 237, 129, 268, 144
185.21, 307, 109, 322, 140
185.067, 251, 145, 266, 208
184.995, 281, 105, 296, 168
184.442, 249, 111, 264, 126
184.405, 257, 97, 384, 224
184.3, 247, 101, 262, 116
184.263, 249, 129, 312, 192
184.158, 201, 129, 264, 192
184.071, 273, 109, 336, 124
183.376, 275, 77, 290, 108
183.278, 231, 155, 246, 170
182.601, 239, 155, 254, 170
182.586, 237, 73, 252, 136
182.372, 315, 111, 330, 126
181.924, 217, 153, 280, 184
181.721, 265, 117, 296, 132
181.608, 145, 65, 272, 192
181.59, 231, 73, 246, 136
181.168, 247, 81, 262, 112
180.932, 313, 133, 344, 164
180.677, 235, 89, 250, 120
180.601, 253, 141, 268, 172
180.146, 265, 161, 328, 192
180.059, 295, 65, 310, 192
179.771, 261, 145, 292, 176
179.695, 297, 121, 328, 184
179.586, 261, 65, 276, 192
179.564, 301, 81, 332, 208
179.371, 279, 101, 294, 116
179.262, 251, 131, 266, 146
179.124, 237, 145, 252, 208
179.051, 285, 95, 316, 110
178.898, 241, 141, 256, 172
178.68, 273, 153, 304, 184
178.586, 311, 121, 326, 184
178.549, 227, 143, 242, 158
178.462, 253, 81, 284, 112
178.454, 281, 137, 344, 168
177.89, 313, 159, 328, 174
177.879, 279, 81, 294, 144
177.804, 267, 157, 282, 188
177.658, 301, 109, 332, 124
177.556, 253, 65, 284, 192
177.552, 273, 153, 304, 168
177.447, 307, 149, 322, 180
176.89, 285, 81, 300, 208
176.887, 273, 145, 336, 208
176.876, 129, 129, 384, 192
176.861, 253, 99, 284, 114
176.792, 281, 105, 312, 168
176.337, 233, 131, 296, 146
176.323, 223, 145, 238, 176
176.119, 277, 65, 308, 192
175.984, 259, 155, 274, 170
175.864, 249, 117, 312, 132
175.751, 233, 157, 264, 172
175.751, 277, 81, 308, 144
175.748, 241, 115, 256, 130
175.726, 177, 145, 304, 176
175.646, 225, 179, 288, 194
175.62, 239, 97, 254, 112
175.304, 265, 145, 296, 160
175.221, 301, 65, 316, 192
175.188, 307, 111, 322, 126
174.966, 285, 81, 300, 144
174.541, 281, 141, 312, 172
174.435, 223, 137, 238, 152
174.406, 263, 145, 278, 208
174.195, 273, 145, 288, 208
173.962, 257, 157, 288, 172
173.831, 249, 157, 312, 172
173.736, 227, 117, 242, 132
173.405, 237, 149, 268, 164
173.289, 215, 121, 230, 184
173.165, 301, 105, 332, 136
172.965, 257, 83, 272, 98
172.929, 1, 137, 400, 200
172.725, 267, 81, 282, 144
172.627, 297, 149, 328, 180
172.529, 241, 129, 256, 144
172.056, 279, 85, 294, 100
171.954, 291, 81, 306, 144
171.928, 269, 145, 300, 208
171.721, 241, 153, 272, 184
171.085, 33, 105, 288, 168
170.841, 261, 81, 276, 112
170.826, 257, 145, 384, 208
170.357, 229, 153, 260, 216
170.15, 313, 145, 344, 160
170.052, 285, 93, 316, 124
169.848, 255, 119, 270, 134
169.706, 281, 145, 312, 208
169.59, 253, 129, 284, 160
169.579, 253, 91, 284, 106
169.175, 241, 91, 256, 106
169.128, 311, 93, 326, 124
169.018, 317, 113, 332, 144
168.92, 277, 113, 308, 128
168.691, 193, 149, 256, 180
168.578, 225, 129, 240, 160
168.553, 229, 105, 244, 136
168.262, 233, 135, 248, 150
168.251, 281, 169, 312, 200
168.131, 305, 73, 320, 136
167.924, 237, 179, 268, 194
167.917, 259, 93, 274, 108
167.658, 217, 129, 248, 192
167.549, 241, 139, 304, 154
167.149, 113, 53, 240, 84
167.131, 269, 97, 284, 112
166.905, 293, 97, 324, 160
166.898, 255, 81, 270, 112
166.345, 305, 165, 320, 180
166.221, 319, 149, 334, 164
166.214, 201, 101, 264, 132
166.003, 289, 101, 320, 116
165.985, 253, 105, 284, 120
165.883, 313, 145, 328, 176
165.447, 289, 107, 304, 122
165.338, 129, 153, 256, 184
165.232, 305, 81, 320, 112
165.064, 209, 65, 272, 128
164.955, 243, 109, 258, 124
164.624, 257, 73, 320, 104
164.522, 241, 77, 304, 92
163.995, 185, 49, 248, 176
163.77, 285, 83, 316, 98
163.639, 267, 143, 282, 158
163.537, 295, 137, 310, 168
163.173, 281, 73, 344, 136
163.165, 217, 101, 248, 132
162.842, 231, 145, 246, 208
162.74, 257, 133, 320, 148
162.646, 285, 149, 300, 180
162.635, 201, 147, 264, 162
162.492, 231, 97, 246, 112
162.474, 193, 33, 320, 160
162.431, 257, 165, 272, 196
162.027, 217, 133, 248, 164
161.973, 329, 129, 344, 160
161.718, 271, 105, 286, 136
161.518, 295, 113, 310, 176
161.514, 201, 115, 264, 130
161.176, 305, 97, 320, 160
161.056, 279, 101, 294, 132
160.943, 257, 105, 272, 136
160.86, 299, 73, 314, 136
160.79, 225, 73, 256, 136
160.747, 243, 81, 258, 96
160.725, 261, 117, 292, 148
160.507, 293, 117, 324, 148
160.143, 225, 153, 288, 216
160.023, 229, 139, 260, 154
159.834, 297, 161, 328, 176
159.823, 161, 73, 288, 136
159.815, 277, 109, 308, 140
159.725, 285, 109, 300, 140
159.59, 237, 163, 268, 178
159.401, 279, 65, 294, 192
159.39, 287, 95, 302, 110
159.383, 235, 161, 250, 192
159.375, 249, 165, 280, 196
159.27, 267, 65, 282, 192
158.808, 269, 83, 284, 98
158.8, 279, 137, 294, 200
158.691, 273, 117, 336, 148
158.556, 225, 33, 256, 160
158.39, 213, 65, 244, 128
158.353, 223, 149, 238, 164
158.266, 193, 41, 320, 104
157.815, 317, 117, 332, 132
157.713, 283, 151, 298, 166
157.695, 233, 163, 296, 178
157.342, 285, 33, 316, 288
157.248, 305, 151, 336, 166
157.248, 307, 65, 322, 192
157.135, 233, 123, 248, 138
156.898, 257, 57, 320, 120
156.796, 265, 57, 296, 120
156.658, 273, 73, 288, 136
156.345, 257, 153, 272, 184
155.909, 259, 131, 274, 146
155.909, 265, 163, 296, 178
155.902, 285, 145, 300, 208
155.887, 289, 145, 352, 160
155.767, 265, 145, 280, 176
155.669, 161, 145, 288, 208
155.593, 293, 81, 308, 112
155.552, 265, 181, 296, 196
155.458, 261, 129, 292, 256
155.454, 213, 49, 244, 176
155.447, 241, 123, 304, 138
155.33, 229, 49, 244, 176
155.308, 281, 77, 296, 108
155.243, 289, 133, 352, 148
155.214, 227, 97, 242, 224
155.199, 225, 107, 240, 122
155.138, 273, 129, 288, 160
155.112, 319, 137, 334, 168
154.996, 1, 129, 400, 256
154.872, 129, 41, 384, 104
154.748, 209, 89, 272, 120
154.665, 309, 125, 324, 156
154.225, 249, 131, 280, 146
154.217, 273, 159, 336, 174
153.879, 225, 171, 288, 186
153.545, 297, 137, 312, 200
153.522, 297, 125, 360, 156
153.315, 229, 89, 244, 120
153.101, 249, 149, 264, 164
153.093, 265, 167, 328, 182
152.992, 217, 145, 232, 176
152.875, 297, 105, 312, 120
152.872, 257, 175, 320, 190
152.861, 213, 113, 244, 128
152.489, 241, 33, 272, 288
152.443, 241, 165, 256, 196
152.417, 299, 111, 314, 126
152.372, 129, 89, 384, 152
152.326, 215, 129, 230, 144
152.3, 285, 157, 316, 188
151.875, 217, 147, 232, 162
151.868, 281, 171, 312, 186
151.431, 233, 191, 296, 206
151.173, 257, 81, 384, 144
151.067, 253, 179, 284, 194
151.056, 273, 137, 400, 168
150.725, 263, 85, 278, 100
150.402, 281, 133, 296, 164
150.402, 257, 173, 320, 204
150.285, 329, 143, 344, 158
150.278, 235, 161, 250, 176
150.278, 265, 183, 328, 198
150.27, 257, 33, 320, 288
150.256, 311, 89, 326, 152
150.045, 33, 137, 288, 200
149.921, 225, 33, 352, 288
149.917, 277, 77, 308, 108
149.743, 311, 145, 326, 160
149.649, 185, 65, 248, 128
149.368, 193, 89, 256, 152
149.045, 217, 97, 248, 224
148.932, 219, 145, 234, 208
148.797, 193, 137, 256, 168
148.379, 273, 121, 336, 136
148.327, 237, 33, 252, 160
148.263, 269, 177, 284, 192
148.03, 291, 145, 306, 208
147.699, 161, 173, 288, 204
147.379, 145, 129, 272, 160
147.157, 169, 53, 232, 84
147.153, 217, 49, 232, 176
147.055, 209, 149, 240, 180
147.03, 309, 121, 340, 152
146.921, 281, 113, 296, 128
146.797, 301, 115, 332, 130
146.782, 239, 121, 254, 136
146.593, 287, 105, 302, 168
146.567, 239, 143, 254, 158
146.357, 177, 137, 240, 200
146.259, 245, 121, 260, 136
146.222, 229, 99, 260, 114
146.138, 317, 97, 332, 224
146.131, 201, 105, 264, 120
146.124, 261, 173, 292, 188
146.029, 235, 129, 250, 144
145.891, 129, 153, 384, 216
145.883, 257, 49, 384, 176
145.695, 295, 117, 310, 148
145.665, 241, 113, 272, 240
145.65, 303, 105, 318, 120
145.556, 253, 85, 284, 100
145.207, 301, 103, 332, 118
144.691, 33, 81, 288, 144
144.56, 257, 173, 384, 204
144.225, 301, 109, 316, 140
144.014, 161, 55, 224, 70
143.702, 299, 81, 314, 112
143.687, 121, 53, 184, 84
143.654, 233, 49, 296, 112
143.552, 273, 113, 400, 144
143.552, 1, 89, 400, 152
143.447, 269, 119, 284, 134
143.319, 129, 49, 256, 112
143.24, 249, 61, 312, 92
143.236, 265, 139, 296, 154
143.072, 241, 185, 304, 200
143.003, 289, 121, 320, 136
142.996, 201, 1, 264, 128
142.974, 297, 137, 360, 200
142.864, 303, 129, 318, 192
142.861, 241, 153, 256, 184
142.545, 241, 129, 256, 160
142.454, 121, 55, 184, 70
142.297, 287, 97, 302, 128
142.09, 257, 77, 384, 108
142.086, 273, 105, 400, 168
141.962, 281, 33, 344, 288
141.857, 293, 169, 324, 184
141.522, 205, 145, 236, 208
141.421, 313, 97, 344, 224
141.406, 217, 105, 248, 120
140.944, 247, 93, 262, 124
140.864, 273, 115, 336, 130
140.857, 33, 57, 288, 120
140.744, 265, 127, 328, 142
140.714, 193, 135, 256, 150
140.627, 317, 101, 332, 132
140.627, 269, 169, 300, 200
140.507, 177, 129, 304, 256
140.304, 319, 123, 334, 138
140.297, 309, 161, 324, 192
139.954, 287, 83, 302, 98
139.845, 289, 65, 352, 192
139.838, 313, 99, 328, 114
139.834, 281, 93, 344, 108
139.635, 273, 185, 400, 216
139.3, 285, 143, 316, 158
139.289, 251, 79, 266, 94
139.259, 241, 149, 256, 164
139.158, 229, 81, 260, 112
139.049, 225, 145, 240, 208
139.049, 193, 41, 256, 104
139.038, 161, 97, 288, 160
139.034, 277, 103, 308, 118
138.94, 225, 161, 256, 192
138.864, 177, 145, 240, 160
138.823, 201, 153, 264, 216
138.612, 281, 181, 296, 196
138.5, 273, 65, 288, 192
138.496, 281, 183, 312, 198
138.39, 229, 161, 244, 192
138.191, 209, 57, 336, 88
138.187, 233, 173, 264, 188
138.158, 285, 157, 316, 172
138.056, 309, 117, 324, 132
137.954, 125, 53, 156, 84
137.827, 269, 73, 284, 104
137.718, 261, 79, 292, 94
137.692, 265, 79, 328, 94
137.612, 265, 123, 296, 138
137.485, 293, 137, 324, 168
137.233, 193, 117, 256, 148
137.15, 263, 179, 278, 194
137.045, 277, 129, 308, 160
136.917, 289, 113, 320, 128
136.917, 325, 121, 340, 184
136.808, 279, 157, 294, 188
136.612, 189, 49, 220, 176
136.586, 257, 187, 288, 202
136.586, 301, 141, 316, 172
136.466, 229, 163, 244, 178
136.353, 257, 113, 320, 240
136.135, 257, 93, 384, 124
135.957, 161, 65, 224, 192
135.924, 321, 125, 336, 156
135.815, 273, 161, 400, 192
135.797, 225, 155, 240, 170
135.59, 251, 161, 266, 192
135.579, 249, 17, 312, 144
135.357, 297, 161, 312, 192
135.331, 229, 93, 260, 108
135.237, 293, 145, 324, 208
135.12, 223, 157, 238, 188
135.029, 279, 113, 294, 144
135.018, 225, 129, 256, 144
135.015, 309, 151, 324, 166
135.011, 307, 99, 322, 114
134.815, 323, 161, 338, 192
134.673, 271, 117, 286, 148
134.571, 257, 177, 272, 192
134.436, 221, 115, 236, 130
134.244, 217, 153, 248, 216
134.003, 209, 77, 272, 108
134.003, 281, 113, 312, 240
133.88, 129, 1, 256, 300
133.53, 1, 33, 400, 288
133.225, 275, 117, 290, 132
133.146, 97, 65, 224, 192
133.018, 245, 159, 260, 174
132.89, 221, 121, 236, 136
132.879, 275, 109, 290, 124
132.774, 267, 57, 282, 120
132.767, 223, 101, 238, 132
132.759, 161, 105, 288, 136
132.672, 317, 139, 348, 154
132.574, 261, 131, 292, 146
132.541, 297, 161, 328, 192
132.541, 273, 145, 400, 272
132.414, 253, 143, 284, 158
132.304, 297, 93, 328, 124
132.236, 285, 157, 300, 172
132.214, 209, 83, 272, 98
132.203, 221, 113, 236, 240
132.199, 311, 65, 326, 128
132.079, 289, 103, 352, 118
131.992, 265, 133, 280, 148
131.635, 317, 105, 332, 120
131.545, 201, 65, 232, 192
131.541, 297, 139, 360, 154
131.297, 201, 169, 264, 200
131.075, 257, 183, 272, 198
130.955, 129, 113, 384, 240
130.872, 301, 135, 332, 150
130.864, 297, 153, 360, 184
130.85, 279, 57, 294, 120
130.781, 219, 73, 234, 136
130.763, 283, 169, 298, 200
130.733, 311, 169, 326, 184
130.628, 309, 137, 340, 200
130.556, 201, 143, 232, 158
130.421, 293, 149, 324, 164
130.323, 129, 53, 144, 84
130.308, 129, 121, 256, 184
130.112, 249, 71, 312, 86
129.973, 265, 181, 296, 212
129.958, 225, 1, 288, 128
129.875, 217, 89, 248, 120
129.395, 247, 145, 262, 176
129.304, 321, 145, 384, 208
129.245, 209, 1, 272, 256
129.169, 309, 93, 340, 124
128.947, 161, 85, 288, 116
128.849, 311, 175, 326, 190
128.631, 223, 49, 238, 176
128.624, 253, 155, 268, 170
128.492, 271, 141, 286, 172
128.481, 253, 117, 284, 132
128.307, 217, 135, 232, 150
128.089, 125, 55, 156, 70
127.733, 213, 161, 244, 192
127.729, 323, 97, 338, 224
127.605, 273, 79, 304, 94
127.492, 305, 97, 368, 160
127.492, 257, 17, 288, 144
127.387, 267, 113, 282, 240
127.379, 225, 145, 352, 272
127.354, 265, 33, 296, 288
127.311, 289, 89, 320, 104
127.296, 243, 181, 258, 196
127.158, 285, 177, 316, 192
127.139, 209, 89, 240, 152
127.045, 253, 177, 284, 208
127.034, 289, 113, 352, 240
126.925, 317, 81, 332, 144
126.917, 297, 33, 328, 288
126.819, 267, 103, 282, 118
126.714, 297, 105, 360, 136
126.579, 313, 89, 344, 152
126.27, 291, 101, 306, 116
126.183, 229, 91, 244, 106
126.146, 243, 49, 258, 112
125.939, 307, 159, 322, 174
125.917, 233, 177, 296, 208
125.906, 265, 1, 328, 300
125.808, 307, 137, 322, 168
125.706, 217, 163, 248, 178
125.605, 269, 161, 284, 176
125.597, 213, 173, 244, 204
125.579, 235, 129, 250, 256
125.342, 321, 155, 336, 170
125.026, 209, 129, 224, 192
125.011, 185, 1, 248, 300
125.004, 253, 93, 268, 124
124.917, 281, 79, 296, 94
124.778, 193, 69, 320, 100
124.764, 129, 17, 384, 144
124.71, 203, 49, 218, 176
124.688, 299, 169, 314, 184
124.647, 129, 65, 384, 128
124.597, 219, 109, 234, 124
124.579, 293, 129, 324, 144
124.364, 305, 121, 336, 136
124.338, 301, 73, 332, 136
124.335, 129, 1, 384, 300
124.251, 317, 133, 348, 148
124.233, 309, 145, 340, 176
124.203, 233, 33, 296, 288
124.139, 273, 113, 288, 240
124.037, 299, 143, 314, 158
123.909, 201, 175, 264, 190
123.895, 297, 97, 312, 128
123.71, 127, 55, 142, 70
123.691, 189, 49, 220, 80
123.662, 241, 57, 368, 120
123.578, 297, 177, 328, 192
123.56, 245, 1, 260, 128
123.346, 281, 173, 344, 204
123.334, 259, 125, 274, 140
122.917, 185, 185, 248, 200
122.905, 299, 175, 314, 190
122.759, 273, 1, 400, 256
122.687, 231, 1, 246, 128
122.68, 297, 109, 360, 124
122.665, 323, 145, 338, 208
122.647, 209, 1, 272, 300
122.567, 201, 61, 264, 92
122.469, 217, 95, 248, 110
122.421, 241, 1, 304, 300
122.338, 289, 81, 352, 112
122.221, 177, 113, 240, 176
122.185, 225, 33, 256, 288
122.112, 257, 167, 272, 182
122.112, 145, 49, 208, 80
122.105, 205, 121, 236, 184
122.101, 311, 145, 326, 208
122.094, 319, 49, 334, 176
122.025, 185, 163, 248, 178
121.989, 283, 65, 298, 96
121.977, 285, 57, 300, 120
121.883, 263, 79, 278, 94
121.879, 269, 65, 300, 96
121.785, 145, 117, 272, 148
121.774, 241, 1, 368, 128
121.658, 259, 177, 274, 208
121.624, 285, 101, 300, 116
121.56, 297, 173, 312, 204
121.556, 281, 145, 296, 160
121.443, 257, 189, 272, 204
121.443, 297, 113, 312, 240
121.349, 225, 65, 240, 128
121.33, 177, 169, 240, 200
121.319, 253, 161, 268, 176
121.221, 273, 177, 400, 240
121.21, 201, 129, 264, 256
121.203, 277, 173, 292, 204
120.981, 1, 33, 400, 160
120.89, 321, 153, 352, 216
120.887, 145, 73, 272, 104
120.879, 305, 133, 320, 148
120.759, 297, 17, 328, 144
120.657, 297, 133, 312, 148
120.643, 245, 1, 276, 128
120.628, 313, 105, 344, 136
120.541, 289, 161, 304, 192
120.534, 277, 163, 308, 178
120.421, 325, 149, 340, 164
120.286, 319, 149, 334, 180
120.206, 313, 135, 328, 150
120.09, 313, 103, 344, 118
120.064, 281, 107, 296, 122
120.06, 273, 1, 400, 300
119.981, 297, 155, 312, 170
119.937, 209, 1, 336, 300
119.864, 129, 41, 192, 104
119.766, 197, 53, 212, 84
119.657, 293, 169, 308, 184
119.62, 193, 121, 256, 136
119.526, 1, 65, 400, 128
119.522, 265, 127, 280, 142
119.417, 201, 155, 264, 170
119.3, 287, 179, 302, 194
119.188, 213, 151, 244, 166
118.853, 245, 189, 276, 204
118.835, 273, 149, 400, 180
118.733, 275, 181, 290, 196
118.714, 303, 97, 318, 128
118.602, 261, 139, 276, 154
118.53, 173, 49, 204, 80
118.42, 305, 73, 368, 136
118.387, 285, 1, 316, 128
118.315, 221, 41, 252, 104
118.289, 309, 125, 324, 140
118.173, 329, 113, 344, 240
118.075, 269, 177, 284, 208
118.049, 255, 113, 270, 240
118.042, 253, 33, 284, 288
117.849, 323, 113, 338, 144
117.846, 145, 17, 272, 144
117.635, 215, 97, 230, 224
117.613, 257, 1, 272, 128
117.485, 33, 1, 288, 300
117.409, 233, 145, 296, 272
117.274, 277, 187, 292, 202
117.165, 263, 173, 278, 188
117.158, 33, 113, 288, 240
116.947, 129, 141, 256, 172
116.932, 299, 163, 314, 178
116.932, 313, 49, 344, 176
116.932, 161, 1, 224, 300
116.842, 309, 127, 340, 142
116.747, 157, 53, 188, 84
116.736, 287, 163, 302, 178
116.721, 251, 179, 266, 194
116.714, 269, 17, 300, 144
116.616, 281, 161, 344, 288
116.507, 293, 187, 308, 202
116.35, 279, 145, 294, 176
116.289, 275, 165, 290, 180
116.278, 293, 173, 324, 204
116.274, 277, 41, 308, 104
116.18, 137, 53, 168, 84
116.06, 113, 169, 240, 200
116.06, 129, 17, 384, 80
116.052, 203, 49, 218, 80
115.951, 287, 113, 302, 128
115.947, 273, 143, 288, 158
115.936, 289, 161, 320, 288
115.925, 269, 187, 300, 202
115.921, 209, 91, 272, 106
115.827, 187, 49, 202, 112
115.812, 305, 141, 368, 172
115.808, 321, 111, 336, 126
115.808, 309, 157, 340, 188
115.703, 297, 93, 360, 124
115.597, 281, 175, 296, 190
115.597, 279, 161, 294, 224
115.499, 175, 49, 190, 80
115.244, 209, 121, 240, 136
115.143, 1, 169, 400, 232
115.041, 297, 95, 328, 110
115.019, 313, 49, 328, 176
114.925, 301, 81, 332, 112
114.895, 213, 129, 228, 160
114.891, 265, 155, 280, 170
114.692, 311, 81, 326, 112
114.619, 313, 165, 376, 196
114.597, 263, 185, 278, 200
114.353, 205, 113, 236, 240
114.131, 243, 135, 258, 150
114.026, 295, 161, 310, 288
114.011, 303, 165, 318, 196
113.935, 135, 53, 150, 84
113.935, 311, 173, 326, 204
113.906, 241, 49, 272, 112
113.688, 263, 161, 278, 176
113.68, 269, 183, 284, 198
113.604, 229, 77, 244, 108
113.575, 301, 129, 316, 160
113.575, 177, 49, 208, 112
113.473, 299, 99, 314, 114
113.459, 285, 129, 300, 256
113.383, 333, 137, 364, 200
113.372, 223, 163, 238, 178
113.274, 257, 33, 320, 96
113.27, 185, 85, 248, 116
113.262, 213, 175, 244, 190
113.237, 251, 189, 266, 204
113.233, 209, 165, 272, 180
113.131, 331, 129, 346, 192
113.037, 173, 49, 204, 176
113.022, 275, 79, 290, 94
113.018, 233, 189, 264, 204
113.007, 277, 119, 308, 134
112.684, 289, 119, 304, 134
112.578, 311, 113, 326, 240
112.492, 177, 65, 192, 192
112.488, 225, 101, 240, 116
112.244, 301, 161, 332, 288
112.142, 147, 53, 162, 84
112.105, 259, 69, 274, 100
112.022, 381, 193, 396, 208
111.654, 305, 167, 336, 182
111.538, 277, 89, 308, 104
111.534, 235, 77, 250, 108
111.466, 321, 153, 384, 184
111.458, 1, 129, 128, 256
111.436, 287, 137, 302, 168
111.364, 211, 143, 226, 158
111.327, 251, 1, 266, 128
111.233, 265, 167, 280, 182
111.12, 227, 123, 242, 138
111.109, 317, 89, 332, 120
111.101, 253, 89, 268, 104
111.09, 295, 1, 310, 128
110.992, 193, 49, 208, 112
110.872, 297, 151, 360, 166
110.676, 225, 173, 240, 204
110.541, 177, 17, 240, 80
110.334, 181, 49, 196, 80
110.305, 289, 1, 352, 300
110.301, 145, 1, 272, 256
110.232, 197, 49, 212, 176
110.21, 1, 1, 256, 256
110.199, 289, 49, 320, 112
110.199, 229, 129, 260, 256
110.101, 331, 105, 346, 168
110.007, 209, 65, 224, 192
109.996, 241, 191, 256, 206
109.868, 209, 177, 336, 208
109.85, 185, 1, 248, 256
109.763, 253, 167, 284, 182
109.672, 261, 73, 292, 88
109.552, 113, 145, 240, 208
109.526, 313, 109, 344, 124
109.45, 193, 99, 256, 114
109.413, 261, 169, 292, 232
109.41, 309, 159, 340, 174
109.341, 193, 77, 256, 92
109.334, 331, 137, 346, 152
109.327, 177, 173, 240, 188
109.315, 247, 95, 262, 110
109.282, 1, 1, 400, 300
109.199, 319, 143, 334, 158
109.116, 321, 157, 352, 188
109.071, 291, 57, 306, 120
108.999, 141, 53, 156, 84
108.89, 169, 53, 184, 84
108.857, 291, 113, 306, 240
108.774, 187, 49, 202, 176
108.77, 313, 65, 344, 128
108.744, 315, 125, 330, 156
108.631, 153, 49, 216, 112
108.519, 325, 81, 356, 208
108.428, 275, 123, 290, 138
108.341, 213, 73, 228, 136
108.09, 189, 49, 204, 80
107.853, 177, 49, 192, 112
107.827, 205, 129, 236, 160
107.74, 309, 97, 340, 112
107.661, 177, 115, 240, 130
107.421, 217, 187, 248, 202
107.417, 303, 117, 318, 132
107.395, 317, 161, 332, 192
107.384, 249, 125, 280, 140
107.311, 233, 189, 296, 220
107.202, 273, 73, 304, 88
107.177, 113, 17, 240, 80
107.086, 181, 53, 212, 68
106.958, 289, 127, 352, 142
106.921, 219, 133, 234, 164
106.879, 287, 33, 302, 96
106.864, 33, 161, 288, 288
106.736, 317, 169, 332, 184
106.638, 327, 159, 342, 174
106.609, 319, 161, 334, 176
106.504, 257, 65, 288, 96
106.5, 317, 129, 332, 144
106.398, 297, 183, 328, 198
106.394, 129, 49, 160, 112
106.38, 235, 91, 250, 106
106.184, 287, 169, 302, 184
106.18, 297, 17, 360, 144
106.173, 289, 173, 304, 204
106.147, 243, 113, 258, 240
106.06, 209, 189, 272, 204
105.966, 263, 73, 278, 88
105.962, 153, 169, 216, 200
105.842, 301, 161, 316, 288
105.831, 287, 89, 302, 104
105.744, 223, 175, 238, 190
105.729, 305, 97, 368, 112
105.718, 275, 173, 290, 188
105.707, 301, 143, 332, 158
105.529, 217, 77, 248, 108
105.511, 297, 81, 312, 96
105.485, 313, 81, 376, 208
105.405, 137, 49, 200, 176
105.376, 289, 135, 320, 150
105.274, 281, 127, 312, 142
105.274, 193, 129, 224, 192
105.237, 129, 33, 384, 288
105.147, 261, 129, 276, 256
104.94, 129, 49, 144, 112
104.932, 295, 149, 310, 180
104.932, 301, 17, 316, 144
104.725, 213, 1, 244, 128
104.696, 321, 121, 352, 152
104.696, 209, 169, 336, 232
104.5, 161, 185, 288, 216
104.459, 189, 33, 220, 96
104.365, 279, 113, 294, 240
104.285, 369, 183, 400, 198
104.176, 169, 129, 232, 160
104.158, 295, 119, 310, 134
104.154, 309, 173, 340, 188
104.154, 33, 145, 160, 176
104.146, 129, 177, 384, 240
104.067, 231, 49, 246, 112
104.056, 287, 73, 302, 88
104.048, 305, 169, 368, 184
103.943, 177, 105, 240, 136
103.936, 325, 137, 340, 152
103.936, 275, 185, 290, 216
103.928, 285, 121, 300, 152
103.819, 381, 193, 396, 224
103.695, 227, 169, 242, 184
103.695, 281, 177, 344, 192
103.688, 303, 153, 318, 216
103.575, 317, 137, 332, 200
103.383, 329, 155, 360, 170
103.368, 257, 185, 320, 216
103.361, 289, 81, 352, 96
103.266, 297, 149, 312, 164
103.237, 325, 97, 340, 160
103.132, 323, 117, 338, 132
103.132, 177, 49, 240, 64
103.015, 217, 157, 248, 172
102.823, 265, 193, 296, 208
102.819, 195, 53, 210, 68
102.688, 153, 17, 216, 80
102.593, 169, 153, 232, 184
102.375, 207, 133, 222, 164
102.357, 81, 149, 208, 180
102.263, 309, 1, 340, 128
102.255, 215, 173, 230, 204
102.153, 205, 97, 236, 128
102.139, 157, 49, 188, 112
102.131, 319, 137, 334, 152
102.052, 257, 33, 288, 96
102.03, 299, 181, 314, 196
102, 177, 37, 240, 68
101.993, 321, 129, 352, 192
101.906, 281, 169, 344, 232
101.789, 303, 151, 318, 166
101.702, 153, 53, 168, 84
101.673, 287, 185, 302, 200
101.556, 277, 181, 308, 212
101.545, 257, 149, 272, 164
101.458, 199, 41, 214, 104
101.451, 313, 145, 376, 160
101.338, 277, 65, 292, 96
101.331, 281, 49, 344, 112
101.312, 287, 33, 302, 160
101.233, 161, 57, 288, 88
101.139, 171, 49, 186, 176
101.105, 225, 173, 256, 204
101.029, 249, 145, 264, 272
100.913, 189, 53, 204, 68
100.913, 381, 183, 396, 198
100.891, 313, 115, 344, 130
100.887, 247, 173, 262, 204
100.8, 179, 53, 194, 68
100.793, 321, 155, 384, 170
100.691, 237, 173, 252, 188
100.669, 305, 175, 320, 190
100.553, 309, 169, 340, 200
100.553, 113, 41, 240, 72
100.541, 249, 75, 280, 90
100.447, 147, 49, 162, 112
100.447, 325, 97, 356, 160
100.331, 293, 181, 308, 196
100.309, 253, 137, 284, 152
100.309, 317, 151, 348, 166
100.222, 297, 81, 328, 96
100.214, 251, 49, 266, 112
100.142, 161, 65, 192, 192
100.138, 217, 25, 280, 88
100.014, 235, 189, 250, 204
100.007, 271, 189, 286, 204
99.9886, 305, 113, 320, 240
99.898, 205, 47, 236, 62
99.8759, 235, 173, 250, 204
99.7779, 285, 169, 316, 232
99.7742, 273, 17, 288, 144
99.7705, 129, 161, 384, 288
99.654, 305, 49, 320, 112
99.5745, 185, 73, 248, 104
99.3379, 169, 55, 200, 70
99.3305, 181, 9, 212, 72
99.2288, 137, 55, 168, 70
99.2177, 65, 161, 192, 192
99.2177, 263, 17, 278, 144
99.214, 291, 155, 306, 170
99.1345, 261, 33, 276, 96
99.1197, 197, 81, 228, 144
99.0828, 261, 57, 276, 120
99.0069, 279, 193, 294, 208
98.9958, 241, 161, 272, 288
98.9811, 293, 163, 308, 178
98.9774, 297, 119, 360, 134
98.9774, 301, 49, 332, 112
98.8757, 171, 49, 186, 112
98.8757, 273, 49, 288, 112
98.8646, 177, 129, 240, 256
98.8572, 215, 97, 230, 160
98.774, 193, 17, 320, 80
98.7445, 81, 1, 208, 300
98.676, 135, 55, 150, 70
98.6723, 193, 133, 224, 164
98.6649, 289, 61, 304, 92
98.6465, 307, 139, 322, 154
98.6206, 225, 65, 288, 96
98.5485, 281, 61, 312, 92
98.4431, 217, 145, 248, 272
98.3266, 217, 101, 232, 132
98.3229, 33, 161, 288, 224
98.3008, 245, 169, 276, 232
98.2934, 137, 1, 200, 300
98.2175, 205, 9, 236, 72
98.2028, 153, 53, 184, 68
98.2028, 1, 17, 256, 144
98.0863, 305, 1, 368, 256
97.9735, 261, 169, 276, 232
97.9661, 277, 161, 308, 288
97.8644, 307, 17, 322, 144
97.8644, 313, 145, 376, 272
97.8349, 245, 69, 276, 100
97.7554, 233, 177, 296, 240
97.6574, 223, 89, 238, 120
97.6315, 253, 95, 268, 110
97.6278, 269, 77, 284, 92
97.5261, 281, 189, 312, 204
97.3301, 293, 33, 308, 96
97.21, 165, 49, 180, 176
97.1804, 305, 145, 320, 160
97.1767, 327, 145, 342, 176
97.1009, 217, 89, 248, 104
97.0972, 305, 49, 368, 112
97.0935, 219, 155, 234, 170
97.075, 297, 161, 312, 224
96.9623, 285, 125, 300, 140
96.868, 185, 181, 248, 212
96.8643, 229, 175, 244, 190
96.8569, 369, 173, 400, 204
96.7515, 239, 167, 254, 182
96.7478, 197, 9, 212, 72
96.7441, 203, 51, 218, 66
96.7404, 137, 49, 152, 112
96.6424, 201, 113, 232, 128
96.6166, 275, 159, 290, 174
96.5944, 205, 135, 236, 150
96.5223, 251, 185, 266, 216
96.5112, 245, 169, 260, 232
96.4242, 329, 153, 344, 216
96.4132, 307, 93, 322, 108
96.2635, 273, 1, 336, 128
96.0859, 121, 165, 184, 196
96.0822, 297, 75, 360, 90
96.0786, 323, 129, 338, 144
95.951, 241, 177, 272, 208
95.8678, 163, 53, 178, 84
95.8567, 317, 1, 332, 128
95.853, 209, 177, 272, 240
95.6312, 237, 41, 252, 104
95.413, 49, 49, 176, 176
95.3982, 257, 65, 384, 96
95.365, 257, 77, 272, 92
95.2965, 193, 37, 320, 68
95.2707, 293, 113, 308, 128
95.0562, 281, 169, 296, 184
94.9545, 1, 145, 128, 208
94.9471, 165, 41, 180, 104
94.8418, 369, 193, 400, 224
94.8418, 201, 17, 232, 144
94.8381, 303, 81, 318, 96
94.8307, 291, 131, 306, 146
94.8307, 129, 25, 160, 88
94.827, 257, 191, 320, 206
94.631, 221, 61, 252, 92
94.6236, 337, 97, 368, 224
94.6199, 313, 81, 344, 112
94.6125, 267, 169, 282, 232
94.5978, 261, 119, 276, 134
94.5219, 217, 175, 232, 190
94.5182, 147, 55, 162, 70
94.5108, 73, 161, 136, 192
94.4091, 299, 33, 314, 96
94.4054, 221, 77, 252, 92
94.3944, 253, 189, 284, 220
94.3907, 89, 145, 152, 176
94.3074, 185, 83, 248, 98
94.2816, 201, 173, 216, 204
94.2779, 273, 61, 336, 92
94.2705, 297, 159, 360, 174
94.2668, 201, 45, 232, 76
94.0597, 25, 141, 88, 172
94.0524, 191, 153, 206, 216
93.8453, 201, 71, 264, 86
93.8342, 241, 33, 368, 96
93.8268, 49, 145, 112, 176
93.7936, 213, 117, 228, 148
93.7214, 229, 185, 244, 200
93.6087, 305, 175, 368, 190
93.5976, 305, 161, 336, 224
93.5033, 293, 143, 308, 158
93.4885, 145, 49, 176, 112
93.3905, 201, 173, 232, 204
93.3868, 281, 189, 344, 204
93.2851, 337, 81, 400, 208
93.2814, 325, 33, 356, 160
93.0485, 317, 161, 332, 224
92.9542, 193, 137, 224, 152
92.9173, 325, 145, 356, 160
92.8303, 255, 161, 270, 288
92.8082, 257, 161, 320, 288
92.7028, 153, 49, 168, 112
92.6048, 297, 65, 360, 96
92.5531, 217, 141, 232, 156
92.3829, 233, 77, 248, 92
92.3645, 201, 53, 232, 68
92.346, 309, 1, 340, 256
92.2517, 329, 131, 344, 146
92.1721, 81, 29, 208, 60
92.1574, 311, 169, 326, 232
91.8264, 325, 101, 356, 132
91.7969, 281, 163, 296, 178
91.7248, 185, 91, 248, 106
91.7063, 301, 93, 316, 108
91.6768, 251, 169, 266, 232
91.5898, 157, 169, 188, 200
91.5898, 327, 73, 342, 136
91.5825, 305, 177, 368, 208
91.5788, 205, 25, 220, 88
91.4623, 175, 25, 190, 88
91.368, 89, 65, 152, 192
91.3643, 189, 173, 220, 204
91.3606, 201, 47, 264, 62
91.2626, 293, 57, 324, 88
91.2589, 301, 123, 316, 138
91.2552, 137, 49, 168, 176
91.1498, 207, 119, 222, 134
91.1461, 285, 139, 300, 154
91.1351, 283, 119, 298, 134
91.1351, 193, 173, 208, 204
91.0297, 167, 169, 182, 200
90.928, 179, 169, 194, 200
90.9206, 153, 55, 168, 70
90.8226, 385, 169, 400, 200
90.8152, 41, 129, 104, 256
90.8041, 319, 57, 334, 120
90.7967, 185, 9, 200, 72
90.7967, 33, 9, 288, 72
90.7967, 223, 1, 238, 128
90.793, 325, 129, 356, 256
90.6987, 173, 169, 204, 200
90.6766, 161, 169, 288, 232
90.586, 325, 105, 340, 120
90.5675, 321, 127, 352, 142
90.4769, 333, 149, 364, 180
90.4584, 231, 169, 246, 232
90.3604, 149, 49, 180, 176
90.2513, 169, 137, 232, 152
90.146, 217, 83, 248, 98
90.1349, 169, 129, 232, 144
90.109, 129, 113, 256, 240
90.0295, 205, 33, 236, 64
89.9241, 153, 29, 216, 60
89.7929, 161, 53, 176, 68
89.7892, 369, 193, 400, 208
89.7707, 201, 1, 232, 256
89.669, 273, 169, 288, 232
89.5784, 141, 55, 156, 70
89.5673, 173, 53, 188, 68
89.4619, 263, 191, 278, 206
89.3492, 305, 89, 368, 104
89.3381, 217, 181, 248, 196
89.3123, 285, 77, 316, 92
89.0256, 261, 57, 276, 88
88.9998, 129, 17, 192, 80
88.8833, 327, 49, 342, 176
88.789, 311, 41, 326, 104
88.789, 125, 49, 156, 176
88.6762, 113, 49, 176, 176
88.5708, 309, 61, 324, 92
88.5708, 369, 177, 400, 300
88.5598, 169, 63, 232, 78
88.5413, 313, 1, 376, 300
88.4433, 177, 43, 240, 58
88.349, 73, 57, 136, 72
88.3416, 325, 73, 356, 136
88.3232, 65, 145, 192, 208
88.2251, 141, 49, 156, 176
88.2067, 205, 49, 220, 112
88.1308, 81, 129, 96, 256
88.1087, 177, 161, 240, 224
88.0976, 295, 125, 310, 140
88.0976, 209, 181, 272, 212
88.0144, 155, 65, 170, 192
87.9959, 113, 149, 176, 180
87.7814, 185, 169, 200, 200
87.7704, 159, 49, 174, 112
87.6723, 295, 57, 310, 88
87.665, 307, 161, 322, 288
87.6576, 209, 41, 224, 72
87.5633, 339, 137, 354, 200
87.5448, 167, 53, 182, 68
87.4616, 281, 33, 296, 96
87.323, 257, 189, 272, 220
87.3082, 249, 173, 280, 188
87.3045, 129, 25, 144, 88
87.2176, 317, 167, 348, 182
87.2102, 207, 105, 222, 168
87.2028, 213, 169, 244, 184
87.1844, 253, 69, 268, 100
87.1844, 201, 33, 232, 96
87.0937, 207, 173, 222, 204
87.09, 213, 157, 228, 188
86.992, 137, 171, 200, 186
86.9883, 109, 145, 140, 176
86.9773, 285, 131, 300, 146
86.8866, 227, 145, 242, 272
86.8645, 209, 55, 224, 70
86.8645, 289, 169, 304, 232
86.8571, 321, 129, 384, 160
86.7813, 185, 29, 216, 60
86.7813, 65, 145, 192, 272
86.7702, 325, 121, 356, 136
86.7665, 305, 187, 368, 202
86.7665, 131, 49, 146, 176
86.6574, 213, 113, 228, 128
86.6537, 325, 93, 340, 124
86.5336, 237, 179, 252, 194
86.5262, 279, 161, 294, 288
86.4097, 137, 25, 152, 88
86.4023, 205, 117, 236, 148
86.3876, 213, 1, 244, 256
86.3228, 237, 189, 268, 220
86.3154, 189, 153, 220, 184
86.3154, 1, 177, 400, 300
86.2748, 255, 107, 270, 122
86.1842, 125, 41, 140, 72
86.0862, 321, 33, 384, 160
85.9882, 121, 61, 184, 76
85.9882, 235, 61, 250, 92
85.9808, 119, 161, 134, 192
85.8643, 251, 169, 266, 184
85.8643, 193, 153, 208, 184
85.8532, 205, 153, 220, 216
85.8495, 313, 133, 376, 148
85.7737, 193, 121, 224, 136
85.7515, 313, 125, 376, 140
85.7294, 123, 53, 138, 84
85.5445, 113, 97, 240, 160
85.5371, 125, 61, 156, 76
85.5371, 233, 185, 248, 216
85.5334, 317, 145, 332, 272
85.5223, 69, 145, 100, 176
85.4317, 193, 105, 224, 168
85.4243, 373, 183, 388, 198
85.4095, 191, 9, 206, 72
85.3226, 385, 185, 400, 248
85.3078, 201, 175, 232, 190
85.2562, 217, 77, 280, 92
85.1988, 207, 137, 222, 152
85.1988, 289, 25, 320, 88
85.1988, 1, 129, 64, 256
85.1951, 313, 93, 328, 108
85.1803, 157, 169, 172, 200
85.1729, 209, 129, 224, 256
85.0934, 243, 57, 258, 88
85.0897, 369, 189, 384, 220
85.0823, 221, 185, 252, 216
85.0749, 243, 161, 258, 288
84.9621, 137, 153, 200, 184
84.8604, 49, 145, 112, 208
84.8568, 221, 177, 252, 240
84.8457, 305, 169, 368, 232
84.842, 273, 73, 336, 88
84.7403, 49, 141, 80, 172
84.6349, 279, 185, 294, 248
84.6312, 65, 145, 128, 272
84.5184, 257, 177, 320, 240
84.4204, 249, 57, 264, 88
84.4057, 321, 99, 336, 114
84.2966, 263, 189, 278, 220
84.2781, 161, 25, 192, 88
84.2744, 215, 123, 230, 138
84.1912, 379, 177, 394, 300
84.1691, 193, 153, 224, 216
84.1654, 81, 49, 208, 112
83.7216, 225, 189, 352, 220
83.631, 313, 81, 376, 112
83.6236, 339, 97, 354, 224
83.583, 321, 145, 352, 176
83.5293, 285, 193, 316, 256
83.5146, 153, 181, 216, 196
83.5035, 287, 177, 302, 300
83.4092, 301, 57, 316, 88
83.3001, 325, 115, 356, 130
83.289, 145, 165, 176, 196
83.0524, 17, 161, 144, 192
83.0487, 121, 41, 184, 72
83.0487, 107, 145, 122, 208
82.9618, 197, 29, 212, 60
82.9544, 375, 189, 390, 220
82.9396, 169, 153, 200, 184
82.8453, 337, 147, 368, 162
82.8306, 129, 161, 160, 192
82.7289, 201, 149, 232, 164
82.6956, 281, 1, 296, 128
82.6345, 113, 73, 240, 136
82.6235, 53, 129, 84, 256
82.5866, 325, 133, 356, 164
82.5144, 225, 53, 288, 84
82.507, 97, 125, 224, 156
82.4922, 153, 45, 184, 60
82.3758, 337, 161, 400, 288
82.2741, 281, 185, 344, 216
82.2667, 209, 53, 224, 84
82.2593, 297, 75, 328, 90
82.165, 305, 61, 336, 92
82.165, 305, 181, 336, 212
82.1613, 81, 145, 96, 176
82.0596, 209, 105, 224, 136
82.0522, 69, 145, 100, 208
82.0375, 325, 1, 356, 256
82.0264, 113, 49, 176, 64
81.9468, 329, 105, 344, 136
81.9431, 385, 177, 400, 300
81.9321, 313, 181, 376, 196
81.8341, 267, 61, 282, 92
81.8267, 323, 145, 338, 272
81.7287, 205, 163, 236, 178
81.7213, 153, 43, 216, 58
81.7176, 69, 129, 100, 256
81.7102, 201, 33, 264, 64
81.6991, 113, 55, 144, 70
81.5938, 177, 153, 192, 184
81.5901, 273, 133, 304, 148
81.5901, 273, 177, 304, 240
81.3682, 81, 145, 112, 176
81.3682, 321, 113, 384, 144
81.3645, 197, 153, 212, 216
81.3608, 213, 153, 228, 216
81.2665, 173, 169, 188, 200
81.1722, 233, 57, 264, 88
81.1574, 207, 153, 222, 184
81.041, 137, 145, 200, 208
80.9282, 313, 103, 376, 118
80.9171, 265, 193, 296, 224
80.9024, 239, 169, 254, 232
80.895, 247, 69, 262, 100
80.8228, 379, 185, 394, 248
80.8117, 153, 149, 184, 180
80.808, 97, 165, 160, 196
80.5825, 1, 137, 64, 168
80.4882, 215, 145, 230, 272
80.4771, 1, 137, 16, 200
80.466, 127, 149, 142, 180
80.466, 125, 149, 156, 180
80.3791, 129, 29, 256, 60
80.3606, 109, 145, 124, 176
80.2553, 147, 49, 162, 176
80.2553, 361, 1, 392, 256
80.1499, 353, 81, 384, 208
80.0186, 245, 185, 260, 216
79.9817, 233, 69, 264, 100
79.9206, 301, 189, 332, 204
79.9169, 121, 145, 136, 176
79.8116, 189, 173, 220, 188
79.8005, 161, 149, 176, 180
79.7931, 285, 195, 316, 210
79.6988, 225, 71, 256, 86
79.6877, 289, 185, 304, 216
79.684, 25, 137, 88, 200
79.6803, 337, 185, 400, 216
79.6766, 329, 139, 360, 154
79.5971, 189, 129, 220, 144
79.5897, 333, 153, 348, 184
79.4769, 329, 141, 392, 172
79.4695, 33, 185, 288, 248
79.4474, 121, 41, 152, 72
79.4437, 283, 181, 298, 212
79.3642, 367, 177, 382, 300
79.3605, 373, 177, 388, 300
79.3568, 285, 71, 316, 86
79.244, 313, 91, 344, 106
79.1386, 161, 171, 192, 186
79.1275, 97, 167, 160, 182
79.1165, 181, 153, 196, 216
79.0222, 177, 151, 240, 166
79.0074, 353, 161, 384, 288
78.9131, 337, 133, 368, 164
78.9131, 1, 129, 32, 256
78.9094, 131, 165, 146, 196
78.902, 313, 161, 344, 288
78.7966, 309, 77, 340, 92
78.6949, 325, 109, 356, 124
78.6838, 177, 173, 208, 188
78.6801, 353, 189, 384, 220
78.6543, 113, 1, 176, 300
78.5784, 81, 129, 112, 256
78.5711, 201, 153, 216, 184
78.5637, 167, 153, 182, 184
78.5489, 117, 49, 148, 112
78.4583, 49, 157, 112, 188
78.4472, 303, 177, 318, 208
78.3492, 149, 9, 180, 72
78.2143, 371, 173, 386, 204
78.1384, 385, 145, 400, 208
78.1347, 207, 81, 222, 144
78.1274, 169, 123, 232, 138
78.1089, 233, 177, 264, 240
78.0868, 185, 55, 248, 70
78.0035, 337, 181, 400, 196
77.9851, 33, 1, 160, 300
77.9092, 217, 55, 280, 70
77.8001, 255, 57, 270, 88
77.7817, 81, 145, 112, 208
77.7743, 133, 149, 148, 180
77.7743, 117, 145, 132, 208
77.6652, 93, 145, 124, 176
77.6652, 337, 169, 400, 200
77.5635, 113, 65, 144, 192
77.4618, 245, 57, 276, 88
77.4507, 1, 145, 32, 208
77.4507, 209, 17, 224, 144
77.447, 265, 197, 328, 212
77.4323, 321, 139, 384, 154
77.4286, 143, 25, 158, 88
77.338, 281, 193, 312, 224
77.3306, 153, 149, 168, 180
77.3232, 149, 17, 164, 80
77.3232, 117, 17, 148, 80
77.1161, 169, 141, 232, 172
76.909, 129, 29, 192, 60
76.8943, 33, 49, 96, 176
76.8795, 197, 59, 228, 74
76.8795, 65, 57, 192, 88
76.8721, 335, 125, 350, 156
76.7889, 185, 41, 216, 56
76.7704, 123, 9, 138, 72
76.7593, 201, 57, 232, 88
76.6576, 155, 9, 170, 72
76.6576, 337, 1, 400, 256
76.6539, 141, 161, 156, 192
76.6503, 101, 145, 132, 208
76.5449, 329, 121, 392, 184
76.5412, 353, 191, 384, 206
76.5338, 177, 153, 208, 216
76.4395, 105, 9, 168, 72
76.4321, 127, 145, 142, 208
76.3341, 37, 129, 68, 256
76.323, 333, 117, 364, 148
76.3156, 73, 145, 136, 208
76.2176, 371, 185, 386, 248
76.2029, 137, 149, 168, 180
76.1992, 97, 145, 112, 176
76.1012, 369, 185, 400, 248
75.9958, 353, 185, 384, 248
75.9921, 69, 149, 84, 180
75.981, 133, 145, 148, 208
75.9662, 379, 173, 394, 204
75.7665, 49, 105, 176, 168
75.6648, 101, 59, 132, 74
75.6538, 115, 53, 130, 84
75.6538, 33, 141, 64, 172
75.6353, 369, 153, 400, 216
75.541, 153, 33, 184, 64
75.5336, 215, 1, 230, 128
75.4356, 321, 161, 352, 176
75.4319, 57, 163, 120, 178
75.4098, 105, 49, 168, 112
75.4061, 97, 53, 160, 84
75.3155, 65, 173, 192, 204
75.2174, 251, 25, 266, 88
75.2027, 85, 145, 100, 208
75.199, 125, 165, 140, 196
75.1879, 99, 145, 114, 208
75.0862, 309, 183, 340, 198
75.0825, 117, 161, 148, 192
75.0715, 195, 41, 210, 72
74.9845, 169, 89, 232, 152
74.9808, 17, 143, 80, 158
74.8681, 321, 163, 384, 178
74.7627, 81, 161, 112, 192
74.7516, 169, 117, 232, 148
74.7442, 105, 165, 136, 196
74.6351, 33, 149, 96, 164
74.6314, 183, 153, 198, 184
74.5334, 121, 177, 184, 192
74.5224, 189, 57, 220, 120
74.4965, 1, 41, 400, 104
74.417, 65, 105, 128, 168
74.3985, 97, 1, 224, 256
74.3153, 289, 193, 304, 256
74.3079, 75, 145, 90, 272
74.1988, 313, 81, 376, 96
74.1804, 97, 145, 160, 208
74.1656, 153, 49, 216, 64
74.0971, 241, 25, 272, 88
74.0787, 329, 97, 392, 160
74.0676, 103, 145, 118, 176
74.0565, 123, 49, 138, 112
73.9696, 79, 145, 94, 208
73.9474, 117, 49, 148, 64
73.8679, 205, 107, 236, 122
73.8605, 177, 25, 240, 56
73.7477, 93, 161, 124, 192
73.5907, 385, 181, 400, 212
73.5332, 73, 53, 136, 84
73.5185, 33, 155, 96, 170
73.5185, 281, 193, 296, 224
73.5074, 329, 133, 360, 148
73.5074, 141, 149, 156, 180
73.5, 337, 177, 400, 240
73.4131, 57, 49, 120, 176
73.304, 177, 177, 304, 300
73.2523, 237, 75, 268, 90
73.1765, 109, 165, 124, 196
73.1691, 91, 145, 106, 176
73.1691, 357, 173, 388, 204
73.0711, 129, 67, 192, 82
73.0674, 33, 37, 160, 68
73.0674, 361, 97, 376, 224
72.9509, 317, 77, 332, 108
72.8456, 211, 17, 226, 80
72.8197, 109, 53, 140, 84
72.6311, 193, 113, 224, 144
72.6237, 225, 169, 240, 232
72.5257, 169, 29, 200, 60
72.5072, 83, 161, 98, 192
72.2928, 169, 43, 200, 58
72.2854, 105, 165, 136, 180
72.278, 121, 145, 152, 208
72.2632, 177, 1, 240, 128
72.1874, 61, 129, 76, 256
72.1652, 385, 97, 400, 224
72.1505, 97, 57, 160, 72
72.0857, 177, 1, 192, 64
72.0672, 1, 145, 64, 208
71.9544, 97, 161, 112, 192
71.8417, 1, 49, 128, 176
71.838, 137, 33, 168, 64
71.7215, 217, 9, 232, 72
71.6272, 267, 33, 282, 96
71.5218, 169, 1, 200, 64
71.5181, 369, 81, 400, 208
71.5144, 185, 29, 200, 60
71.4886, 93, 145, 108, 208
71.3758, 203, 129, 218, 192
71.2889, 205, 41, 236, 56
71.2741, 205, 185, 236, 200
71.2704, 341, 161, 372, 288
71.2631, 193, 129, 224, 256
71.1798, 89, 49, 120, 176
71.165, 149, 169, 180, 184
71.067, 57, 49, 88, 176
71.0633, 245, 25, 260, 88
71.056, 299, 249, 314, 280
71.0486, 169, 9, 184, 72
70.9432, 273, 201, 400, 264
70.9284, 337, 191, 400, 206
70.8341, 17, 53, 144, 84
70.725, 359, 185, 374, 248
70.616, 179, 29, 194, 60
70.6012, 115, 145, 130, 176
70.5975, 119, 33, 134, 64
70.5901, 341, 1, 372, 256
70.5717, 329, 117, 344, 148
70.4958, 323, 1, 338, 128
70.4958, 125, 65, 140, 192
70.4921, 1, 181, 128, 212
70.4884, 43, 141, 58, 172
70.4589, 293, 69, 324, 100
70.383, 67, 145, 82, 208
70.3793, 305, 25, 320, 88
70.3756, 265, 177, 296, 300
70.2703, 37, 129, 52, 256
70.2518, 309, 85, 340, 100
70.1538, 209, 193, 336, 256
70.1353, 149, 161, 164, 192
70.0521, 51, 129, 66, 256
70.041, 281, 25, 344, 88
70.0373, 181, 61, 212, 92
69.9356, 239, 189, 254, 220
69.9209, 147, 149, 162, 180
69.8302, 171, 29, 186, 60
69.8302, 191, 29, 206, 60
69.7138, 361, 177, 376, 300
69.7064, 337, 113, 368, 176
69.699, 157, 145, 188, 208
69.6047, 1, 169, 64, 232
69.5936, 143, 33, 158, 64
69.4772, 303, 177, 318, 240
69.3718, 57, 145, 88, 208
69.3681, 297, 195, 328, 210
69.3533, 357, 185, 388, 200
69.2627, 45, 143, 76, 158
69.2258, 161, 1, 224, 256
69.1536, 1, 49, 64, 176
69.1462, 129, 161, 256, 288
69.1425, 51, 141, 66, 172
69.1315, 201, 161, 232, 192
69.0445, 113, 43, 176, 58
69.0371, 67, 129, 82, 256
69.0261, 225, 71, 288, 86
68.8153, 33, 49, 64, 176
68.8005, 57, 151, 120, 166
68.8005, 129, 65, 192, 96
68.8005, 139, 145, 154, 208
68.6988, 37, 141, 52, 172
68.6988, 281, 193, 344, 256
68.6915, 321, 119, 384, 134
68.6804, 1, 9, 400, 72
68.6008, 131, 29, 146, 60
68.5824, 73, 173, 136, 188
68.5824, 87, 145, 102, 272
68.5676, 175, 153, 190, 216
68.4475, 193, 9, 224, 72
68.3753, 151, 29, 166, 60
68.2367, 113, 169, 240, 232
68.1387, 269, 189, 284, 220
68.135, 163, 9, 178, 72
68.1276, 219, 169, 234, 232
68.1276, 133, 153, 164, 216
68.0001, 1, 133, 128, 164
67.9205, 203, 145, 218, 272
67.9021, 333, 127, 364, 142
67.9021, 191, 61, 206, 92
67.8725, 241, 69, 256, 100
67.8114, 297, 193, 312, 256
67.8004, 177, 145, 208, 272
67.7856, 1, 129, 16, 256
67.7598, 193, 49, 256, 80
67.695, 187, 145, 202, 272
67.6913, 45, 129, 60, 256
67.6876, 157, 181, 188, 196
67.6876, 165, 33, 180, 64
67.6839, 253, 177, 284, 300
67.5859, 333, 81, 348, 144
67.5748, 337, 133, 400, 148
67.5674, 41, 105, 104, 168
67.5674, 153, 113, 216, 176
67.4583, 289, 245, 320, 276
67.451, 317, 181, 348, 212
67.451, 329, 161, 344, 288
67.3345, 113, 181, 240, 212
67.3234, 77, 1, 108, 256
67.2328, 137, 45, 168, 60
67.2328, 137, 33, 152, 64
67.2328, 41, 137, 72, 200
67.1237, 21, 141, 52, 172
67.1237, 57, 153, 88, 184
67.1163, 215, 53, 230, 84
67.022, 353, 177, 368, 300
67.0036, 169, 145, 184, 208
66.9166, 177, 109, 240, 124
66.8982, 69, 157, 100, 188
66.8428, 33, 33, 288, 96
66.68, 81, 57, 144, 120
66.6616, 293, 185, 324, 216
66.582, 125, 29, 156, 60
66.4508, 57, 141, 72, 172
66.4434, 117, 49, 132, 112
66.3528, 73, 49, 88, 176
66.3454, 121, 175, 152, 190
66.3417, 169, 145, 184, 272
66.3343, 241, 197, 304, 212
66.2289, 77, 157, 92, 188
66.2252, 63, 145, 78, 176
66.2252, 105, 65, 120, 192
66.2179, 73, 149, 104, 164
66.1272, 205, 121, 220, 152
66.1235, 69, 49, 100, 176
66.1199, 33, 49, 160, 112
66.1088, 73, 105, 104, 168
66.0977, 317, 173, 332, 204
66.0108, 193, 145, 208, 272
65.9997, 97, 33, 160, 64
65.996, 359, 169, 374, 200
65.996, 109, 33, 140, 64
65.898, 205, 157, 236, 172
65.8943, 121, 145, 184, 272
65.8869, 49, 9, 176, 72
65.7852, 209, 29, 224, 60
65.7815, 301, 185, 332, 248
65.7668, 25, 153, 88, 184
65.6651, 129, 65, 192, 128
65.6577, 203, 29, 218, 60
65.6503, 169, 69, 232, 84
65.6503, 121, 165, 184, 180
65.4469, 273, 197, 336, 228
65.4211, 153, 65, 216, 96
65.3341, 357, 145, 388, 208
65.3304, 81, 47, 144, 62
65.3304, 165, 145, 196, 272
65.3268, 345, 97, 360, 224
65.3231, 163, 145, 178, 208
65.2214, 189, 185, 220, 200
65.214, 313, 41, 344, 104
65.2103, 217, 37, 232, 68
65.2103, 75, 145, 90, 176
65.1123, 241, 69, 272, 84
65.0901, 361, 185, 376, 216
64.9552, 337, 1, 400, 300
64.8535, 73, 1, 136, 256
64.7777, 1, 185, 64, 216
64.7666, 97, 129, 112, 256
64.7555, 89, 161, 152, 176
64.7555, 205, 169, 236, 232
64.7518, 1, 193, 400, 256
64.7408, 81, 1, 144, 300
64.6427, 203, 97, 218, 224
64.541, 153, 145, 216, 272
64.4357, 355, 81, 370, 208
64.432, 313, 189, 376, 220
64.432, 273, 197, 400, 228
64.3192, 25, 129, 56, 256
64.3155, 53, 149, 84, 164
64.3155, 227, 185, 242, 216
64.3155, 101, 65, 132, 192
64.3118, 377, 97, 392, 224
64.2101, 341, 141, 372, 156
64.2064, 175, 145, 190, 272
64.188, 193, 63, 256, 78
64.1658, 165, 49, 196, 64
64.1084, 367, 81, 382, 208
64.1047, 379, 145, 394, 208
64.0937, 137, 167, 168, 182
64.0863, 147, 153, 162, 216
63.8755, 45, 49, 76, 176
63.8644, 293, 259, 324, 274
63.8607, 81, 153, 144, 168
63.8607, 185, 61, 200, 92
63.8497, 41, 1, 104, 300
63.7516, 85, 151, 116, 166
63.7516, 81, 147, 144, 162
63.6647, 135, 1, 150, 64
63.6536, 5, 145, 36, 160
63.5298, 65, 125, 96, 156
63.5224, 203, 61, 218, 92
63.4281, 321, 97, 352, 112
63.4281, 35, 49, 50, 176
63.4096, 1, 225, 400, 288
63.3912, 189, 1, 220, 256
63.3153, 337, 145, 400, 160
63.3116, 45, 49, 60, 176
63.3042, 73, 145, 88, 208
63.2895, 181, 17, 196, 144
63.1045, 133, 1, 164, 64
63.0898, 21, 49, 52, 176
63.0713, 125, 165, 156, 180
63.0713, 369, 153, 384, 216
62.9733, 181, 145, 196, 272
62.9585, 1, 149, 64, 180
62.8679, 1, 173, 64, 204
62.8421, 129, 121, 144, 184
62.6387, 93, 145, 124, 272
62.5259, 189, 65, 220, 80
62.4021, 45, 153, 76, 184
62.3947, 145, 153, 176, 216
62.391, 1, 105, 128, 168
62.1876, 85, 105, 116, 168
62.1765, 281, 251, 344, 266
62.1765, 301, 25, 332, 88
62.1728, 9, 137, 40, 168
62.0675, 285, 247, 316, 262
62.0453, 33, 33, 160, 288
61.8419, 41, 125, 104, 156
61.8308, 177, 179, 240, 194
61.7402, 325, 103, 356, 118
61.6274, 321, 179, 352, 194
61.6237, 297, 69, 328, 84
61.522, 117, 43, 148, 58
61.522, 161, 161, 224, 176
61.5184, 1, 199, 64, 214
61.4962, 153, 153, 168, 216
61.4925, 209, 59, 240, 74
61.4019, 177, 183, 208, 198
61.2965, 57, 97, 88, 160
61.2817, 49, 125, 176, 156
61.2781, 89, 129, 152, 256
61.1948, 129, 1, 144, 64
61.1874, 67, 49, 82, 176
61.1837, 341, 185, 372, 248
61.18, 297, 69, 360, 84
61.1764, 341, 135, 372, 150
61.0599, 105, 155, 168, 170
61.0193, 181, 1, 212, 128
60.9471, 25, 153, 56, 184
60.9287, 365, 129, 396, 256
60.827, 9, 153, 72, 168
60.827, 323, 169, 338, 232
60.729, 73, 33, 136, 96
60.6199, 165, 159, 196, 174
60.6199, 25, 129, 40, 256
60.5977, 215, 49, 230, 112
60.5108, 105, 57, 136, 120
60.5071, 13, 129, 44, 256
60.4997, 341, 165, 372, 196
60.4886, 285, 241, 316, 300
60.4886, 335, 145, 350, 272
60.3906, 137, 159, 200, 174
60.3906, 1, 97, 64, 160
60.3796, 345, 183, 376, 198
60.3722, 1, 1, 64, 300
60.3537, 201, 129, 232, 144
60.2705, 337, 105, 352, 168
60.2631, 201, 57, 232, 120
60.1688, 273, 209, 400, 240
60.1614, 89, 165, 120, 180
60.1614, 201, 1, 264, 64
60.154, 333, 49, 348, 176
60.1245, 197, 1, 212, 128
60.0708, 143, 1, 158, 64
60.0413, 161, 187, 224, 202
60.0413, 161, 181, 224, 212
60.0191, 189, 47, 220, 62
59.8194, 73, 181, 136, 196
59.8157, 35, 137, 50, 200
59.7177, 321, 101, 384, 132
59.6086, 51, 49, 66, 176
59.6049, 119, 65, 134, 192
59.4958, 89, 105, 152, 168
59.4922, 363, 145, 378, 208
59.4848, 199, 65, 214, 128
59.3941, 89, 49, 104, 176
59.3683, 41, 143, 104, 158
59.3683, 29, 137, 60, 200
59.3499, 41, 33, 104, 288
59.274, 133, 145, 164, 272
59.2703, 7, 129, 22, 256
59.1538, 185, 191, 248, 206
59.1465, 153, 65, 184, 96
59.1465, 297, 241, 312, 300
59.0411, 31, 129, 46, 256
59.0374, 369, 201, 400, 216
59.0374, 289, 195, 352, 210
58.8192, 289, 253, 320, 268
58.8155, 321, 169, 352, 200
58.8155, 273, 225, 400, 256
58.8045, 153, 59, 184, 74
58.59, 341, 185, 372, 216
58.4809, 109, 173, 140, 188
58.3718, 99, 105, 114, 168
58.3681, 117, 105, 132, 168
58.3571, 105, 47, 136, 62
58.248, 73, 173, 136, 204
58.2443, 169, 61, 200, 92
58.1537, 1, 185, 64, 200
58.1463, 145, 179, 176, 194
57.9244, 77, 171, 108, 186
57.917, 117, 17, 132, 80
57.917, 357, 145, 372, 208
57.9097, 101, 53, 132, 68
57.9097, 209, 185, 240, 216
57.8043, 13, 157, 44, 172
57.6952, 93, 105, 108, 168
57.5861, 135, 145, 150, 272
57.575, 25, 153, 56, 168
57.5714, 43, 137, 58, 200
57.4697, 329, 185, 360, 216
57.466, 75, 105, 90, 168
57.466, 113, 113, 176, 176
57.4623, 69, 139, 100, 154
57.3643, 109, 145, 124, 272
57.3606, 25, 97, 56, 160
57.3569, 87, 105, 102, 168
57.3532, 345, 137, 376, 200
57.3495, 205, 161, 236, 288
57.1498, 99, 49, 114, 176
57.1424, 81, 9, 144, 72
57.135, 49, 169, 112, 184
57.1313, 137, 113, 168, 176
57.0296, 133, 177, 164, 192
57.0186, 45, 155, 76, 170
57.0186, 113, 65, 128, 192
57.0112, 23, 137, 38, 200
56.7967, 107, 105, 122, 168
56.7967, 163, 145, 178, 272
56.7746, 137, 1, 200, 256
56.6876, 123, 105, 138, 168
56.6802, 1, 159, 64, 174
56.6802, 265, 265, 328, 280
56.6729, 265, 253, 328, 284
56.5712, 221, 57, 252, 72
56.5712, 351, 137, 366, 200
56.5638, 1, 169, 128, 232
56.353, 321, 113, 384, 128
56.3419, 65, 139, 128, 154
56.3382, 241, 195, 272, 210
56.3345, 289, 245, 352, 276
56.2439, 57, 49, 72, 176
56.2439, 103, 145, 118, 272
56.2402, 239, 193, 254, 256
56.2329, 273, 199, 304, 214
56.2329, 143, 113, 158, 176
56.2218, 57, 157, 120, 172
56.2107, 177, 1, 208, 256
56.109, 73, 133, 136, 164
56.0832, 187, 1, 202, 128
56.011, 105, 155, 136, 170
56.011, 105, 9, 136, 72
55.9852, 129, 1, 192, 128
55.9056, 29, 165, 60, 180
55.7965, 1, 193, 64, 208
55.7818, 273, 245, 400, 276
55.767, 169, 129, 200, 192
55.6801, 147, 145, 162, 272
55.669, 273, 53, 400, 84
55.6505, 165, 1, 180, 128
55.4508, 73, 163, 104, 178
55.4471, 257, 253, 320, 268
55.4176, 49, 97, 176, 224
55.327, 17, 137, 48, 200
55.3159, 65, 97, 128, 224
55.2216, 201, 65, 232, 80
55.2179, 257, 241, 320, 300
55.2142, 29, 137, 44, 200
55.2068, 161, 17, 192, 144
55.1162, 185, 197, 248, 212
55.1051, 51, 137, 66, 200
55.0941, 97, 1, 160, 256
55.0071, 29, 147, 60, 162
55.0071, 29, 49, 44, 176
54.9924, 49, 129, 80, 160
54.9924, 85, 173, 116, 204
54.9813, 179, 129, 194, 192
54.9813, 195, 129, 210, 192
54.9628, 153, 1, 216, 128
54.9017, 79, 49, 94, 176
54.887, 93, 173, 124, 188
54.8833, 45, 105, 76, 168
54.7816, 7, 145, 22, 208
54.7594, 125, 121, 156, 184
54.6651, 129, 157, 160, 172
54.6614, 137, 141, 200, 172
54.6577, 129, 177, 192, 208
54.5524, 217, 61, 280, 76
54.4322, 1, 65, 16, 192
54.4285, 129, 65, 160, 96
54.3416, 113, 105, 240, 136
54.3342, 109, 149, 140, 164
54.3342, 203, 1, 218, 64
54.3305, 1, 165, 32, 196
54.3305, 145, 145, 176, 272
54.3194, 81, 137, 208, 168
54.3157, 113, 61, 144, 76
54.2862, 175, 1, 190, 128
54.2251, 325, 177, 356, 300
54.2177, 209, 33, 240, 48
54.214, 365, 185, 380, 248
54.105, 81, 63, 144, 78
54.105, 97, 105, 128, 168
54.105, 185, 185, 248, 248
54.0976, 135, 113, 150, 176
54.0865, 369, 129, 384, 256
54.0828, 189, 129, 204, 192
54.0828, 157, 1, 188, 256
53.9996, 345, 137, 360, 200
53.9922, 157, 145, 172, 272
53.9811, 273, 9, 400, 72
53.8905, 69, 97, 84, 160
53.8683, 41, 169, 104, 200
53.7629, 341, 177, 372, 192
53.7629, 357, 179, 388, 194
53.6354, 117, 1, 148, 256
53.5448, 229, 177, 260, 300
53.53, 291, 241, 306, 300
53.5263, 289, 217, 320, 280
53.4357, 177, 73, 192, 136
53.4283, 81, 105, 96, 168
53.4283, 209, 177, 272, 300
53.4136, 289, 257, 352, 272
53.3229, 251, 193, 266, 256
53.2028, 73, 41, 136, 72
53.2028, 193, 1, 320, 32
53.1954, 17, 137, 32, 200
53.0863, 153, 113, 168, 176
53.0863, 109, 129, 140, 256
52.9883, 1, 179, 64, 194
52.9772, 257, 201, 320, 264
52.8682, 193, 17, 320, 48
52.8645, 273, 201, 304, 264
52.8423, 65, 33, 96, 288
52.7554, 57, 137, 72, 200
52.7332, 1, 121, 64, 184
52.6463, 1, 157, 32, 172
52.6463, 65, 185, 192, 216
52.6279, 265, 245, 328, 260
52.5262, 261, 193, 292, 256
52.308, 13, 153, 44, 184
52.308, 261, 177, 276, 300
52.3043, 97, 175, 160, 190
52.3006, 337, 49, 368, 176
52.0861, 141, 145, 156, 272
52.0824, 1, 165, 64, 180
52.0788, 25, 167, 88, 182
52.0788, 149, 113, 180, 176
51.966, 85, 181, 116, 196
51.9623, 273, 225, 400, 288
51.8643, 19, 129, 34, 256
51.8569, 149, 65, 180, 80
51.8495, 1, 121, 128, 152
51.8384, 145, 1, 176, 256
51.7368, 93, 159, 124, 174
51.7368, 145, 61, 208, 76
51.6314, 337, 127, 400, 142
51.6314, 337, 197, 400, 228
51.6166, 273, 161, 288, 288
51.5149, 347, 161, 362, 288
51.4058, 105, 177, 168, 208
51.4058, 137, 169, 200, 232
51.3004, 209, 193, 272, 224
51.3004, 31, 97, 46, 160
51.293, 161, 113, 176, 176
51.2894, 273, 21, 400, 52
51.1803, 245, 193, 276, 256
51.1766, 177, 181, 208, 212
51.1618, 109, 121, 140, 184
51.0675, 201, 41, 264, 56
51.0564, 289, 245, 352, 260
50.9547, 177, 37, 240, 52
50.9473, 265, 241, 328, 272
50.8567, 353, 185, 368, 248
50.8383, 273, 9, 400, 40
50.7107, 17, 1, 80, 256
50.6164, 293, 217, 308, 280
50.6127, 33, 129, 64, 160
50.6017, 213, 49, 244, 80
50.4019, 209, 21, 240, 52
50.3798, 181, 129, 212, 192
50.3761, 49, 33, 80, 288
50.2929, 19, 49, 34, 176
50.169, 41, 137, 104, 152
50.169, 317, 177, 348, 240
50.169, 121, 129, 152, 256
50.1653, 33, 161, 96, 176
50.023, 203, 1, 218, 128
49.9509, 297, 3, 360, 18
49.9509, 313, 193, 376, 208
49.9509, 297, 53, 360, 84
49.9287, 77, 133, 108, 164
49.9287, 129, 1, 160, 256
49.8418, 1, 169, 32, 232
49.8196, 221, 33, 236, 96
49.7253, 41, 177, 104, 300
49.6236, 65, 241, 320, 300
49.5941, 75, 97, 90, 224
49.2816, 245, 193, 260, 256
49.2742, 123, 145, 138, 272
49.2558, 113, 97, 176, 224
49.1688, 65, 177, 192, 240
49.1688, 9, 49, 40, 176
49.1615, 61, 105, 76, 168
49.1504, 1, 161, 16, 224
49.0634, 341, 177, 356, 300
49.045, 165, 181, 196, 212
49.0376, 129, 183, 192, 198
49.0376, 209, 195, 272, 210
48.8268, 337, 89, 368, 152
48.8231, 165, 65, 180, 128
48.8158, 341, 161, 372, 224
48.7178, 137, 193, 200, 208
48.7178, 13, 129, 28, 256
48.7104, 267, 161, 282, 288
48.605, 25, 97, 40, 160
48.5976, 117, 173, 148, 204
48.5902, 197, 97, 212, 224
48.4885, 317, 69, 348, 100
48.4811, 185, 31, 248, 46
48.4701, 161, 167, 224, 182
48.3757, 13, 105, 44, 168
48.2593, 203, 177, 218, 240
48.1576, 305, 251, 368, 266
48.1428, 285, 257, 316, 288
48.0448, 177, 73, 208, 136
48.0337, 273, 41, 400, 72
47.8156, 133, 173, 164, 204
47.8082, 117, 65, 148, 96
47.8082, 141, 65, 172, 96
47.8045, 265, 259, 328, 274
47.59, 297, 15, 360, 30
47.5827, 129, 201, 384, 264
47.579, 165, 169, 196, 232
47.4773, 337, 199, 400, 214
47.4773, 173, 73, 204, 104
47.3534, 329, 175, 392, 190
47.346, 89, 1, 120, 256
47.2628, 81, 65, 144, 96
47.2406, 189, 185, 220, 216
47.15, 7, 49, 22, 176
47.1463, 271, 193, 286, 256
47.0373, 165, 73, 196, 136
47.0373, 13, 49, 28, 176
46.9171, 1, 105, 32, 168
46.7933, 161, 193, 224, 208
46.7785, 149, 1, 180, 128
46.6952, 257, 193, 272, 256
46.5825, 289, 269, 320, 300
46.5788, 305, 9, 368, 24
46.5714, 209, 35, 272, 50
46.4734, 37, 97, 52, 160
46.466, 297, 5, 360, 36
46.3606, 293, 197, 324, 228
46.2478, 297, 1, 360, 64
46.2478, 129, 145, 144, 272
46.2442, 105, 187, 168, 202
46.1203, 289, 263, 352, 278
46.0186, 167, 113, 182, 176
46.0186, 329, 177, 360, 240
45.8005, 183, 73, 198, 136
45.7968, 205, 69, 236, 100
45.7857, 301, 245, 332, 276
45.6877, 191, 73, 206, 136
45.5786, 137, 189, 200, 220
45.5749, 105, 149, 168, 164
45.4658, 171, 73, 186, 136
45.4548, 305, 61, 368, 76
45.3494, 181, 177, 196, 240
45.244, 225, 41, 288, 72
45.2145, 105, 1, 136, 256
45.1312, 125, 73, 156, 136
45.1238, 1, 133, 64, 148
45.1128, 105, 65, 168, 96
45.0221, 1, 117, 64, 148
45.0184, 137, 73, 152, 136
45.0074, 305, 51, 368, 66
44.9815, 81, 1, 208, 128
44.8909, 285, 233, 300, 296
44.7892, 339, 49, 354, 176
44.7855, 193, 177, 224, 240
44.7818, 25, 177, 88, 192
44.7781, 145, 177, 176, 208
44.7781, 273, 257, 400, 288
44.7744, 185, 25, 248, 40
44.6727, 305, 25, 368, 88
44.669, 233, 203, 296, 218
44.669, 209, 177, 224, 240
44.5673, 205, 1, 236, 32
44.5637, 1, 153, 32, 184
44.5637, 57, 177, 88, 208
44.56, 13, 105, 28, 168
44.5526, 117, 129, 132, 256
44.4472, 53, 165, 84, 196
44.4472, 43, 97, 58, 160
44.3418, 105, 65, 136, 96
44.3418, 233, 177, 248, 300
44.229, 325, 89, 356, 120
44.2253, 19, 97, 34, 160
44.2069, 105, 33, 136, 96
44.2069, 137, 97, 200, 224
44.1163, 225, 45, 256, 76
44.1089, 129, 73, 192, 88
44.0904, 355, 129, 370, 256
43.9998, 1, 161, 64, 192
43.9777, 165, 97, 180, 224
43.887, 97, 53, 128, 84
43.8833, 191, 185, 206, 248
43.7743, 273, 203, 336, 218
43.7743, 173, 113, 188, 176
43.7632, 285, 233, 316, 264
43.7558, 159, 17, 174, 144
43.7558, 181, 97, 212, 224
43.6615, 297, 217, 360, 280
43.6578, 369, 205, 400, 236
43.6541, 81, 69, 208, 100
43.5561, 1, 189, 32, 220
43.5487, 113, 85, 240, 116
43.5266, 171, 97, 186, 224
43.3269, 273, 261, 304, 292
43.3232, 7, 105, 22, 168
43.3232, 347, 177, 362, 240
43.3084, 1, 1, 32, 256
43.2178, 33, 69, 160, 100
43.2141, 209, 253, 336, 284
43.2141, 343, 113, 358, 176
43.2104, 1, 105, 16, 168
43.2104, 55, 105, 70, 168
43.1087, 81, 69, 144, 84
43.0976, 309, 225, 324, 288
42.9885, 329, 177, 344, 240
42.9775, 97, 181, 160, 196
42.8721, 273, 269, 400, 300
42.8536, 185, 97, 200, 224
42.7667, 137, 73, 168, 136
42.6502, 305, 41, 368, 72
42.6428, 209, 29, 272, 44
42.5448, 1, 177, 32, 208
42.519, 29, 33, 60, 288
42.4284, 113, 169, 176, 232
42.3156, 37, 165, 68, 196
42.3156, 1, 197, 64, 228
42.3119, 89, 129, 120, 160
42.1954, 221, 161, 236, 288
42.0974, 177, 197, 304, 228
41.9773, 177, 19, 240, 34
41.9736, 49, 105, 64, 168
41.8756, 225, 1, 288, 64
41.8682, 281, 63, 344, 78
41.8682, 337, 213, 400, 228
41.8682, 33, 1, 160, 128
41.8498, 91, 97, 106, 224
41.7628, 225, 49, 288, 64
41.7591, 131, 73, 146, 136
41.7517, 305, 29, 368, 44
41.7481, 21, 129, 52, 160
41.7481, 197, 177, 212, 240
41.737, 191, 97, 206, 224
41.65, 225, 41, 288, 56
41.6427, 41, 131, 104, 146
41.639, 305, 17, 368, 48
41.6353, 153, 75, 216, 90
41.5299, 317, 33, 332, 96
41.5262, 305, 45, 368, 60
41.4024, 289, 241, 352, 300
41.3987, 105, 67, 168, 82
41.308, 209, 241, 336, 300
41.3007, 273, 49, 336, 80
41.2933, 1, 177, 128, 300
41.0899, 137, 129, 200, 160
40.9771, 65, 121, 128, 152
40.9697, 265, 193, 280, 256
40.857, 301, 209, 332, 272
40.8533, 305, 23, 368, 38
40.8496, 335, 161, 350, 224
40.8496, 165, 169, 180, 232
40.8348, 137, 1, 168, 128
40.7553, 261, 209, 292, 240
40.7479, 313, 193, 376, 256
40.7442, 161, 185, 224, 248
40.7442, 49, 73, 176, 136
40.6314, 145, 153, 208, 168
40.526, 81, 187, 144, 202
40.4059, 249, 239, 312, 254
40.3985, 225, 201, 352, 232
40.3005, 149, 73, 164, 136
40.2968, 297, 233, 360, 264
40.2968, 305, 1, 336, 64
40.2931, 357, 161, 388, 192
40.1766, 201, 17, 264, 48
40.0749, 313, 259, 376, 274
40.0491, 57, 121, 88, 184
39.9548, 305, 39, 368, 54
39.8531, 229, 17, 260, 80
39.8531, 81, 177, 144, 240
39.8457, 1, 177, 16, 300
39.7366, 257, 265, 320, 296
39.7329, 105, 177, 136, 208
39.7292, 49, 181, 112, 196
39.6275, 81, 17, 144, 144
39.6054, 153, 17, 168, 144
39.5185, 225, 25, 288, 56
39.5111, 185, 193, 248, 224
39.5074, 273, 233, 304, 296
39.4963, 113, 137, 176, 168
39.3872, 185, 5, 248, 36
39.2782, 273, 1, 336, 16
39.2782, 177, 177, 208, 240
39.1801, 257, 53, 288, 84
39.1654, 297, 257, 328, 288
39.0711, 225, 23, 288, 38
38.9509, 1, 201, 32, 232
38.7254, 41, 181, 104, 212
38.7217, 161, 193, 288, 256
38.7069, 149, 97, 180, 224
38.6089, 201, 17, 264, 32
38.6015, 125, 137, 156, 168
38.6015, 165, 141, 196, 172
38.4998, 177, 3, 240, 18
38.3907, 149, 73, 180, 136
38.3871, 305, 5, 336, 36
38.3871, 209, 233, 336, 264
38.3834, 273, 233, 304, 264
38.1652, 129, 141, 192, 156
38.1504, 69, 169, 100, 200
38.045, 273, 19, 336, 34
38.0303, 145, 1, 160, 128
37.9433, 281, 25, 344, 56
37.9433, 313, 257, 376, 288
37.9397, 145, 77, 208, 108
37.8343, 29, 117, 60, 148
37.8306, 53, 117, 84, 148
37.8269, 1, 205, 64, 220
37.6087, 225, 1, 288, 16
37.4886, 337, 201, 400, 264
37.3832, 81, 185, 144, 216
37.3758, 337, 7, 400, 22
37.3758, 249, 229, 312, 260
37.3758, 33, 209, 288, 272
37.3721, 293, 1, 324, 64
37.3721, 273, 1, 336, 64
37.1318, 17, 33, 48, 288
36.9099, 137, 97, 168, 224
36.823, 89, 137, 152, 152
36.8193, 77, 121, 108, 152
36.8119, 357, 201, 388, 232
36.5938, 81, 177, 112, 300
36.579, 289, 257, 352, 288
36.579, 297, 241, 328, 300
36.481, 305, 239, 368, 254
36.481, 285, 13, 316, 44
36.3682, 257, 271, 320, 286
36.2555, 337, 73, 400, 88
36.2555, 289, 221, 352, 252
36.2518, 369, 209, 400, 272
36.2481, 209, 11, 272, 26
36.2407, 281, 239, 344, 254
36.139, 201, 1, 264, 16
36.139, 281, 9, 344, 24
36.139, 305, 29, 368, 60
36.139, 321, 69, 384, 100
36.1353, 301, 37, 332, 68
36.1279, 149, 97, 164, 224
36.0336, 209, 201, 272, 216
36.0299, 33, 169, 96, 232
36.0152, 49, 175, 112, 190
35.9135, 309, 49, 340, 80
35.8044, 177, 13, 240, 28
35.8044, 309, 21, 340, 52
35.797, 193, 69, 224, 100
35.5862, 161, 193, 224, 224
35.5751, 209, 1, 272, 32
35.4697, 313, 245, 376, 276
35.4513, 131, 97, 146, 224
35.3348, 217, 17, 248, 80
35.0187, 337, 209, 400, 240
34.9059, 281, 45, 344, 60
34.9022, 1, 25, 128, 88
34.8042, 225, 13, 288, 44
34.8042, 89, 177, 152, 300
34.7968, 81, 185, 112, 216
34.7968, 285, 221, 316, 252
34.7968, 233, 201, 296, 264
34.7931, 321, 1, 384, 16
34.7931, 337, 79, 400, 94
34.7894, 137, 137, 168, 168
34.7784, 141, 97, 156, 224
34.5713, 281, 37, 344, 68
34.5676, 281, 53, 344, 68
34.4622, 305, 271, 368, 286
34.3457, 321, 15, 384, 30
34.3457, 285, 45, 316, 76
34.244, 225, 17, 288, 32
34.2403, 313, 241, 376, 300
34.233, 33, 113, 96, 144
34.2071, 137, 1, 152, 128
34.1202, 1, 193, 128, 224
34.0148, 105, 73, 168, 136
34.0111, 285, 209, 316, 240
34.0037, 101, 129, 132, 160
34.0037, 273, 9, 336, 40
33.5674, 81, 177, 112, 240
33.5526, 281, 269, 344, 300
33.4436, 321, 1, 384, 64
33.3382, 305, 269, 368, 300
33.3345, 41, 81, 104, 144
33.2254, 41, 117, 72, 148
33.2254, 249, 1, 312, 64
33.218, 269, 53, 300, 84
32.9998, 117, 169, 148, 232
32.8945, 177, 129, 208, 160
32.778, 153, 77, 184, 108
32.7743, 357, 209, 388, 272
32.7669, 25, 165, 56, 196
32.6652, 41, 241, 104, 300
32.6578, 309, 233, 340, 296
32.4471, 121, 97, 152, 160
32.436, 305, 193, 336, 224
32.436, 321, 57, 384, 88
32.3011, 131, 1, 146, 128
32.2141, 61, 177, 92, 300
32.1087, 109, 97, 140, 160
32.1014, 329, 1, 360, 32
31.996, 1, 193, 32, 256
31.9923, 353, 213, 384, 244
31.8758, 233, 201, 296, 232
31.6577, 241, 245, 304, 276
31.654, 321, 1, 384, 32
31.6503, 281, 1, 312, 64
31.5486, 169, 105, 200, 168
31.5449, 1, 177, 32, 300
31.5375, 345, 121, 376, 152
31.5338, 217, 33, 248, 64
31.4358, 165, 129, 196, 160
31.4284, 329, 17, 360, 80
31.4247, 265, 217, 328, 248
31.323, 125, 125, 156, 156
31.2103, 133, 185, 164, 216
31.2103, 181, 105, 212, 168
31.2029, 177, 177, 240, 300
31.0864, 313, 33, 344, 64
30.981, 193, 217, 320, 280
30.8719, 153, 185, 184, 248
30.8683, 269, 249, 300, 280
30.8646, 305, 233, 336, 264
30.8609, 97, 41, 128, 72
30.5336, 329, 13, 360, 44
30.5336, 169, 193, 200, 224
30.5299, 289, 33, 320, 64
30.4209, 353, 113, 384, 176
30.3081, 41, 193, 104, 256
30.3007, 337, 65, 400, 128
30.1806, 113, 17, 144, 144
30.0789, 41, 217, 104, 280
29.9735, 305, 269, 336, 300
29.9661, 57, 169, 120, 232
29.9624, 1, 245, 128, 276
29.8644, 97, 125, 160, 156
29.7516, 153, 189, 184, 220
29.7442, 281, 1, 312, 32
29.7442, 1, 193, 64, 256
29.7369, 329, 33, 392, 64
29.7369, 329, 45, 392, 76
29.5261, 113, 193, 240, 256
29.5187, 297, 17, 328, 48
29.5187, 1, 269, 128, 300
29.5113, 1, 81, 128, 144
29.5076, 177, 141, 208, 172
29.4133, 105, 177, 136, 240
29.4022, 1, 193, 128, 256
29.2968, 93, 177, 124, 240
29.173, 273, 205, 304, 236
28.9622, 41, 265, 104, 296
28.9548, 225, 221, 352, 252
28.9511, 81, 177, 96, 300
28.8494, 257, 37, 320, 68
28.733, 49, 81, 176, 112
28.7293, 225, 265, 352, 296
28.6239, 119, 17, 134, 144
28.6202, 321, 57, 352, 88
28.5037, 329, 21, 392, 52
28.5001, 293, 1, 324, 32
28.293, 209, 201, 272, 264
28.2893, 33, 237, 96, 268
28.2893, 113, 193, 240, 224
28.2856, 313, 209, 376, 240
28.0637, 33, 225, 96, 256
27.951, 225, 197, 256, 228
27.951, 73, 29, 136, 60
27.8382, 193, 177, 224, 300
27.5036, 61, 185, 92, 248
27.4888, 329, 33, 392, 96
27.3871, 1, 177, 64, 300
27.1652, 121, 77, 184, 108
27.0562, 209, 177, 224, 300
26.9397, 41, 253, 104, 284
26.8232, 249, 49, 312, 80
26.6883, 105, 1, 168, 128
26.4923, 161, 1, 224, 32
26.4849, 1, 241, 128, 300
26.154, 249, 1, 312, 32
26.154, 257, 21, 320, 52
26.1503, 349, 49, 364, 176
25.9285, 325, 41, 356, 104
25.9248, 41, 97, 104, 128
25.8083, 49, 237, 176, 268
25.7029, 349, 33, 380, 160
25.5938, 261, 217, 292, 280
25.5901, 41, 77, 104, 108
25.4811, 41, 193, 104, 224
25.4774, 41, 57, 104, 120
25.3683, 93, 177, 108, 300
25.2555, 41, 213, 104, 244
25.2555, 45, 81, 76, 144
25.1427, 41, 1, 104, 128
25.0337, 321, 233, 384, 264
25.03, 41, 33, 104, 96
25.03, 329, 1, 344, 128
24.9135, 337, 81, 400, 112
24.9135, 113, 17, 240, 48
24.8081, 161, 13, 224, 44
24.8044, 33, 25, 160, 56
24.688, 1, 257, 128, 288
24.5863, 105, 177, 136, 300
24.5789, 317, 17, 348, 80
24.5752, 113, 1, 240, 32
24.5752, 337, 1, 368, 128
24.4698, 41, 61, 104, 92
24.3607, 113, 189, 176, 220
24.3607, 33, 217, 160, 248
24.2443, 349, 1, 380, 64
24.1352, 313, 209, 344, 272
24.1352, 81, 241, 144, 300
23.8006, 209, 193, 240, 256
23.7969, 33, 1, 96, 64
23.6878, 137, 193, 200, 256
23.4585, 349, 89, 380, 152
23.4585, 165, 193, 196, 256
23.3495, 353, 241, 384, 300
23.3495, 35, 177, 50, 300
23.3458, 345, 41, 376, 104
23.3384, 49, 249, 176, 280
23.2367, 29, 169, 60, 232
23.233, 41, 161, 72, 224
23.1202, 269, 17, 300, 80
22.7856, 345, 65, 376, 128
22.6765, 61, 241, 92, 300
22.451, 85, 241, 116, 300
22.4288, 125, 17, 140, 144
22.1164, 229, 201, 260, 264
22.1127, 41, 41, 104, 72
22.0036, 117, 177, 132, 300
21.669, 321, 221, 384, 252
21.6653, 13, 161, 44, 224
21.5562, 81, 261, 208, 292
21.094, 1, 217, 128, 280
20.9886, 369, 1, 400, 64
20.9886, 73, 217, 136, 280
20.7631, 133, 177, 164, 240
20.5449, 241, 217, 304, 248
20.5449, 117, 177, 148, 300
20.4285, 45, 177, 76, 300
20.4248, 49, 105, 176, 136
20.3157, 69, 177, 84, 300
20.2066, 81, 217, 112, 280
20.2029, 7, 177, 22, 300
20.1992, 49, 209, 176, 272
19.97, 1, 109, 128, 140
19.7592, 81, 265, 144, 296
19.7297, 125, 1, 156, 128
19.5337, 185, 201, 216, 264
19.4209, 89, 17, 120, 80
19.4172, 353, 1, 368, 128
19.3008, 369, 233, 400, 296
19.1954, 41, 13, 104, 44
19.0715, 1, 1, 128, 64
18.9735, 81, 249, 144, 280
18.9698, 25, 177, 40, 300
18.9698, 49, 177, 64, 300
18.8571, 33, 9, 160, 40
18.4097, 177, 209, 304, 240
18.4097, 329, 201, 360, 264
18.4097, 49, 241, 80, 300
18.3986, 1, 81, 128, 112
18.2969, 49, 185, 80, 248
18.2932, 347, 1, 362, 128
18.1878, 81, 237, 144, 268
18.1841, 41, 29, 104, 60
18.1841, 97, 77, 160, 108
17.9623, 41, 1, 104, 32
17.9512, 1, 97, 128, 128
17.8495, 81, 233, 208, 296
17.8384, 337, 233, 400, 296
17.624, 89, 41, 120, 104
17.6203, 289, 209, 352, 240
17.6203, 69, 209, 100, 272
17.4021, 81, 225, 208, 256
17.3947, 33, 177, 64, 300
17.2856, 33, 205, 160, 236
17.2856, 369, 1, 384, 128
17.1581, 1, 233, 128, 264
16.8345, 57, 9, 120, 72
16.7255, 361, 1, 392, 128
16.4962, 49, 93, 176, 124
16.2744, 233, 241, 296, 300
16.0451, 369, 129, 400, 192
15.9398, 369, 33, 400, 96
15.827, 21, 177, 52, 300
15.5977, 17, 101, 80, 132
15.4924, 81, 225, 144, 256
15.4924, 197, 201, 228, 264
15.3796, 1, 65, 64, 128
15.3759, 45, 217, 76, 280
15.2668, 73, 93, 136, 124
15.2668, 1, 1, 64, 128
15.2631, 377, 1, 392, 128
15.1577, 177, 221, 304, 252
15.154, 73, 81, 136, 144
15.1504, 1, 209, 64, 240
15.0413, 1, 13, 64, 44
15.0339, 101, 17, 132, 144
14.8157, 45, 49, 76, 112
14.7066, 1, 41, 64, 104
14.6993, 17, 233, 80, 296
14.5902, 341, 1, 356, 128
14.3683, 105, 193, 168, 256
14.2556, 1, 1, 64, 64
14.1428, 1, 81, 32, 144
14.03, 345, 209, 376, 272
14.0263, 57, 241, 120, 272
13.9209, 81, 209, 144, 240
13.9172, 357, 57, 388, 120
13.8082, 1, 73, 64, 104
13.8082, 1, 89, 64, 120
13.8082, 73, 105, 136, 136
13.8082, 233, 257, 296, 288
13.8082, 261, 241, 292, 300
13.6917, 57, 73, 88, 136
13.5826, 1, 41, 64, 72
13.5789, 57, 209, 88, 272
13.4699, 361, 49, 376, 176
13.4699, 57, 1, 88, 128
13.4662, 337, 269, 400, 300
13.4662, 105, 17, 120, 144
13.2443, 73, 77, 136, 108
12.9097, 1, 61, 64, 92
12.7969, 81, 197, 144, 228
12.6841, 1, 25, 64, 56
12.6841, 57, 33, 88, 96
12.6768, 337, 257, 400, 288
12.5714, 77, 73, 108, 136
12.5677, 9, 233, 72, 264
12.4586, 129, 89, 192, 152
12.4586, 57, 177, 72, 300
12.124, 161, 241, 288, 272
12.0112, 81, 1, 112, 128
12.0075, 17, 257, 80, 288
11.8984, 321, 233, 352, 296
11.7894, 241, 1, 272, 64
11.7783, 113, 17, 128, 144
11.6729, 81, 213, 208, 244
11.6729, 13, 81, 44, 144
11.4473, 335, 1, 350, 128
11.4437, 17, 269, 80, 300
11.2144, 337, 245, 400, 276
11.109, 359, 1, 374, 128
10.9963, 33, 201, 64, 264
10.9963, 45, 1, 76, 128
10.8872, 1, 17, 16, 144
10.8798, 57, 229, 120, 260
10.8798, 73, 241, 104, 300
10.7744, 73, 5, 136, 36
10.7744, 1, 245, 64, 276
10.6616, 33, 73, 64, 136
10.5489, 383, 1, 398, 128
10.3233, 63, 177, 78, 300
10.1015, 29, 49, 60, 112
10.0978, 357, 25, 388, 88
9.87961, 81, 17, 144, 48
9.87961, 121, 193, 152, 256
9.87592, 29, 1, 60, 128
9.76684, 61, 1, 92, 64
9.76315, 1, 221, 64, 252
9.65038, 69, 49, 100, 112
9.5413, 45, 1, 76, 64
9.53761, 43, 177, 58, 300
9.31945, 161, 241, 288, 300
9.31576, 177, 209, 240, 272
9.20298, 41, 25, 72, 88
9.0939, 233, 269, 296, 300
8.86467, 29, 17, 60, 80
8.75928, 337, 233, 368, 296
8.64282, 19, 177, 34, 300
8.63913, 257, 1, 288, 64
8.53005, 77, 1, 108, 64
8.41727, 25, 241, 56, 300
8.3045, 177, 265, 304, 296
8.3045, 89, 65, 120, 128
8.3045, 369, 65, 400, 128
8.30081, 17, 1, 80, 32
7.8608, 209, 205, 272, 236
7.63156, 47, 1, 62, 128
7.18417, 85, 1, 100, 128
7.18048, 69, 25, 100, 88
6.95862, 97, 249, 224, 280
6.95862, 73, 1, 88, 128
6.84585, 97, 237, 224, 268
6.73308, 137, 89, 200, 120
6.624, 365, 105, 396, 168
6.51123, 113, 89, 176, 120
6.51123, 93, 201, 124, 264
6.51123, 385, 49, 400, 176
6.39846, 209, 241, 272, 300
6.28199, 37, 241, 68, 300
6.17291, 177, 205, 240, 236
6.17291, 225, 233, 288, 264
6.06014, 97, 217, 160, 280
5.72552, 21, 201, 52, 264
5.72552, 97, 1, 112, 128
5.61275, 161, 89, 224, 120
5.60906, 245, 217, 276, 280
5.60906, 69, 1, 100, 128
5.3872, 237, 241, 268, 300
5.3872, 373, 49, 388, 176
5.27812, 161, 253, 288, 284
5.05258, 129, 205, 256, 236
5.05258, 169, 225, 200, 288
4.93981, 379, 49, 394, 176
4.82704, 13, 177, 28, 300
4.71426, 121, 241, 184, 300
4.71057, 153, 101, 216, 132
4.60149, 113, 9, 176, 40
4.60149, 17, 33, 48, 96
4.48872, 249, 241, 280, 300
4.26687, 217, 217, 280, 248
4.26318, 53, 1, 68, 128
4.15041, 79, 1, 94, 128
4.04133, 145, 209, 176, 272
4.04133, 5, 241, 36, 300
3.92855, 137, 1, 200, 32
3.92855, 157, 225, 188, 288
3.81578, 41, 1, 56, 128
3.48116, 133, 201, 164, 264
3.36839, 17, 1, 48, 128
3.25561, 17, 1, 48, 64
3.25561, 137, 241, 168, 300
3.14284, 145, 117, 208, 148
3.14284, 17, 57, 48, 120
3.14284, 205, 225, 236, 288
3.14284, 225, 225, 256, 288
3.14284, 101, 241, 132, 300
3.14284, 61, 1, 76, 128
3.14284, 67, 1, 82, 128
3.14284, 91, 1, 106, 128
2.9173, 125, 241, 156, 300
2.4699, 217, 245, 280, 276
2.35713, 121, 117, 184, 148
2.35713, 153, 205, 216, 236
2.35713, 145, 217, 272, 280
2.35713, 35, 1, 50, 128
2.24436, 97, 101, 160, 132
1.79696, 105, 201, 136, 264
1.68419, 129, 257, 192, 288
1.68419, 113, 269, 176, 300
1.68419, 209, 269, 272, 300
1.68419, 129, 217, 256, 248
1.57142, 177, 217, 240, 248
1.57142, 145, 229, 208, 260
1.57142, 105, 249, 168, 280
1.57142, 177, 249, 240, 280
1.57142, 117, 217, 148, 280
1.57142, 153, 225, 216, 288
1.57142, 15, 1, 30, 128
1.57142, 23, 1, 38, 128
1.57142, 29, 1, 44, 128
1.45865, 129, 101, 192, 132
1.45865, 193, 241, 224, 300
1.45865, 121, 217, 184, 280
1.23311, 105, 21, 168, 52
0.898482, 121, 233, 184, 264
0.898482, 169, 237, 232, 268
0.898482, 9, 1, 24, 128
0.785711, 201, 257, 264, 288
0.785711, 161, 265, 224, 296
0.785711, 137, 269, 200, 300
0.785711, 129, 265, 256, 296
0.785711, 1, 9, 32, 72
0.785711, 9, 217, 40, 280
0.672939, 181, 225, 212, 288
0.672939, 177, 241, 240, 300
0.672939, 5, 1, 36, 128
0.560167, 113, 241, 144, 300
